205
2894 -2644
4157 2532
5343 2396
5353 2340
5577 -2440
7907 -2472
9768 2308
11160 2784
11590 -2540
15240 -2448
15264 -2348
16141 -2740
16734 -2308
21742 2492
21752 -2400
21911 -2716
22536 2664
25250 -2304
25286 -2428
26445 2376
27045 2468
29593 2348
29805 -2360
31704 -2660
34612 -2360
35032 -2520
41515 2384
44766 -2584
45313 -2268
47103 2452
50537 2676
51046 -2344
51865 2436
58532 -2372
61348 -2420
65470 -2280
66251 -2832
66297 2564
67345 -3024
69159 -2376
71901 -2264
71933 2612
72364 2576
73024 2704
74254 2480
75201 -2476
76359 -2264
77457 -2964
79609 -2344
80503 2404
81368 -2328
83803 2316
84702 2632
86410 2312
88288 -2308
88504 -2844
91882 -2284
92244 3048
94284 -2784
96821 -2816
99822 -2616
100625 2884
102460 2404
102502 2264
103677 -2384
106929 -2428
107232 2304
107459 -2428
111276 2596
111944 -2676
112143 -2372
112877 2628
114177 2956
114558 -2724
115942 -2476
116374 -2368
118443 2392
120901 2656
120905 -2300
121433 2304
121707 -2276
122549 2360
124432 -2300
125059 -2300
126045 -2336
126051 2296
128828 2576
131726 2580
135363 -2308
136207 -2568
136807 2288
136819 2320
138507 -2308
139560 -2508
139630 -2456
142111 2464
142474 -2320
143682 -2284
143712 -2972
144201 -2540
148474 2800
150144 -2584
150532 2432
152047 2760
153191 -2468
153843 2440
155947 -2848
157774 3264
159183 2728
160100 2284
161479 -2604
161670 2740
162986 -2612
164119 -2316
165016 -2308
165796 -2608
166702 -2272
168208 -2332
168725 -2484
168800 2592
169140 -2312
172779 -2520
173370 2288
174814 2448
176639 -2436
177949 -2492
177952 -2316
179319 -2264
179790 -2684
179817 2404
180605 -2292
182151 2512
182364 -2388
184238 2336
184337 2980
184604 -2436
184680 -2308
185848 2844
186672 2364
190221 2480
190286 2284
192082 2372
193266 2272
193579 2272
194735 2576
196205 2316
199185 -2264
199255 2412
200378 2544
202494 2276
203075 -2272
203972 -2512
204764 -2356
205761 -2620
207915 -2388
208697 -2380
211121 -2324
212485 -3188
212803 2864
213348 2448
213790 -2656
214202 -2652
214484 -2628
214758 -2456
215355 2420
216311 -2400
217043 -2312
219651 2272
221334 -2516
221574 -2448
224529 2276
224564 2424
226044 2756
226243 2432
226385 -2276
226831 -2676
228067 -2708
228416 -2484
232347 2316
232809 2288
233719 -2268
233919 2488
234126 -2476
234417 -2352
234526 -2372
234808 2360
236422 2444
236924 -2392
237877 2324
240407 2364
241281 -2956
243408 -2532
244235 -2656
245454 -2408
246908 2528
247564 -2284
247674 -2296
248214 2456
248235 2512
250815 2700
251212 -2340
257738 -2876
259488 -2364
261333 -2304
261609 2308
