211
69 -664
141 680
159 -644
300 -720
304 -760
314 -744
786 744
1273 744
1305 -680
1366 836
1716 -764
1754 -796
1777 640
1890 -644
2157 644
2201 780
2336 664
2791 760
2914 636
3001 820
3259 664
3303 668
3367 -748
3408 -812
3693 768
3737 768
3836 668
3841 -824
4192 -768
4326 648
4333 660
4503 -724
4558 -744
4620 -832
4805 -820
5266 696
5326 -852
5521 -676
5686 768
5724 684
5777 708
5964 -728
6010 712
6053 908
6063 700
6287 716
6296 648
6341 640
6446 700
6882 -640
7476 -660
7788 -652
7858 -708
8455 652
8468 -652
8520 640
8753 668
9056 -704
9223 768
9251 764
9825 728
9876 -804
10101 -888
10209 -700
10338 724
10387 692
10397 -736
10524 -744
11070 -664
11088 -664
11254 -736
11261 644
11384 716
11394 -648
11648 672
11884 636
12349 -680
12362 -752
12461 -680
12464 -652
12538 744
12596 660
12625 640
12649 -652
12652 -692
12701 636
12751 -732
12827 -676
12885 636
13170 692
13526 656
13611 828
13704 636
13717 656
13744 656
13959 -740
14050 744
14283 636
14296 740
14328 -756
14407 700
14607 696
14751 -728
15195 700
15275 952
15484 -704
15519 -660
15537 688
15686 -652
15920 872
16025 688
16033 -796
16132 -696
16551 -636
16606 -640
16692 656
16702 -680
16711 -812
16721 -644
16730 672
16864 -712
16959 660
17056 -732
17195 684
17277 648
17416 -652
17493 -636
17693 704
17732 796
17764 -724
17818 -812
17837 -672
17872 -744
18360 -788
18535 648
18592 664
19361 -668
19720 -704
19947 636
19977 -692
20508 664
20568 -664
20900 -896
20952 684
21139 796
21363 -652
21438 708
21874 644
22330 688
22344 640
22429 -788
22534 -688
22590 676
22858 656
22890 712
22983 -652
23327 664
23355 676
23366 668
23423 -652
23639 -752
23810 712
24066 -768
24117 -636
24154 752
24163 -784
24289 748
24710 -688
24831 732
25060 -876
25123 716
25405 652
25492 -732
25634 -636
25676 -716
25727 668
25975 -676
25992 -816
25993 -636
26298 708
26470 636
26538 -704
26686 -684
27024 676
27504 900
27539 -672
27553 740
27744 -660
27749 -660
28118 672
28353 692
28728 788
28729 640
29405 692
29464 700
29518 -688
29744 -688
29776 -892
30305 -668
30476 -672
30685 -648
30779 -700
30899 -744
31041 732
31220 844
31274 -732
31394 -1200
31518 -636
32071 -636
32372 -700
32466 -692
