203
495 -1200
688 -1032
697 -1032
1478 -988
1506 1000
1568 1032
3016 1068
3479 1140
3503 -1016
4062 1336
4389 -1272
4883 1124
4967 -1140
5354 -1092
6059 -1004
6341 -1184
6423 1208
6640 -1060
7391 1024
7746 1028
8250 -1024
8647 1244
8795 1212
8866 -1064
9056 1004
9204 1228
9547 1148
9707 -1100
10036 1120
10646 -1164
10913 -1116
10925 1080
11114 -1000
11243 -1360
11702 -1000
11948 -1212
12583 1060
13562 -1060
14561 1144
14818 1260
15056 1056
15087 1128
15191 -1032
15278 988
15304 1128
15433 -1044
15607 1076
15881 1016
16343 1180
16436 -1184
16622 -1100
16934 -1144
17021 -1004
17784 -1132
17970 -1060
18139 1084
18221 1280
18307 1060
18436 1040
18491 1088
18494 -1052
18551 -1068
18859 1080
19065 1052
19285 1260
19372 -1296
19440 1464
19604 1128
20062 -1132
20780 1176
20793 1056
20813 -1128
20882 1216
20966 -1352
21343 -992
22189 1228
22915 -1160
23250 1004
23463 1160
23828 1020
23906 1004
24271 -1296
24295 -1104
24390 1172
24457 1056
25634 -1032
26027 1076
26039 1092
26996 1060
27056 1296
27364 1200
27481 1084
27831 -988
28580 1128
28655 1240
28931 1056
29679 -1104
30185 -1100
30563 1536
30697 -1008
31464 1164
32103 -1292
32204 -1132
32301 1028
32423 -1004
32670 1044
32689 -1120
33145 -1040
33372 996
33498 -1168
34517 -1112
34523 -1380
34536 1048
35303 -1092
35348 1264
35595 1036
36231 -1472
36521 -988
37190 1040
37547 1012
37971 -1040
38360 -1028
38379 1216
39036 -1004
40471 -1004
41054 1100
41057 -988
41488 1140
41564 -1032
41572 -1004
41931 1060
42176 -1016
42199 -1608
42518 -996
42721 -1228
43058 1196
43249 -1044
43304 1068
43386 -1072
43412 1028
43666 1096
43770 1000
44258 -1180
44558 -1212
44784 -1172
44907 1132
45243 -1104
46044 -1228
46914 -1056
47188 -1168
47308 -1020
47961 -988
48467 988
49215 1024
49458 -1096
49975 1024
50229 -1100
50379 1052
50670 -1220
50729 1024
50758 -1124
50953 1100
51184 -1024
51257 -992
51430 -1056
51444 1044
52290 -1024
52646 -1088
52965 -1104
53366 -1064
53708 1016
54222 -1228
54818 -1184
54879 1080
55291 -1024
55693 1076
56214 1116
56254 1164
56300 1152
56372 -1200
56492 1108
56908 1072
57008 1256
58369 -1000
58371 1008
58456 1020
58600 1032
60016 -1088
60444 1052
60479 1116
60944 -1196
61144 -1060
61516 -1000
62567 1140
62630 -1180
63345 1052
63507 -1052
63558 996
63637 1216
63989 996
64107 -1052
64735 -996
64873 -1096
