202
336 -1104
660 1000
766 1052
1924 -1016
2090 1012
2205 -1316
2548 -1084
2881 1160
2890 -1012
3174 1208
3387 -1132
4118 1140
4142 1040
4414 -1156
4566 1028
5094 -1168
5415 -1164
5758 1000
5787 1016
5846 1112
6131 1328
6615 -1024
7135 1048
7875 -1024
8371 -1000
9120 -1008
9623 -1124
9813 -1008
9969 1136
10805 -1072
10834 1196
11337 -1040
11454 -1048
11495 -1076
12081 1116
12749 -1000
12846 1020
13225 -1064
13397 1112
15078 1024
15143 1112
15554 -1700
15788 -1128
16007 1028
16212 -1124
17139 -1024
17185 -1040
17371 -1232
17446 -1040
17528 1200
17681 -1056
18101 -1184
18350 -1008
19233 1092
19488 -1072
19847 1004
20463 1028
20538 1104
20878 1036
20983 1240
21585 1088
22112 -1044
22352 1032
22463 -1100
24126 1016
24975 1400
25436 -1032
25679 -1084
25836 -1136
26007 -1008
26074 1080
26254 1212
26737 -1028
26763 1036
26764 1008
27120 1020
27323 -1016
27910 -1016
27961 1032
28101 1140
28816 1160
29289 -1116
29323 1056
29549 1092
30619 1016
31125 -1228
31379 1120
31454 1024
32138 1064
32178 -1140
32366 1080
32375 -1260
32461 1148
32712 1052
33104 -1176
33516 1116
33842 -1000
34417 -1020
34464 -1040
34474 -1036
35063 -1352
35414 1088
35544 1124
35716 -1008
36462 -1080
36975 -1048
37406 1164
37750 1172
37999 -1236
38068 -1020
38485 -1036
39005 -1004
39207 1044
39996 -1160
40294 1032
40313 1064
40809 -1188
40815 1280
41052 1076
41312 1400
41700 1192
42151 1000
42812 -1000
42930 1012
43616 -1164
44256 -1064
44600 1076
44758 -1064
45048 1004
45277 -1004
45522 -1072
45781 1004
45867 -1012
47116 1444
47186 -1060
47532 1164
48128 -1120
48172 -1096
48354 1028
48392 1176
48618 1124
49029 1024
49686 -1152
50008 -1060
50064 1300
50250 1128
50264 -1120
50557 1024
51064 1208
51529 -1036
51543 1028
51989 -1080
52308 1116
52366 -1068
53113 1060
53219 1012
53277 -1292
53316 1032
53925 -1000
53957 1232
53961 -1112
54442 -1064
54520 -1088
54526 -1260
54616 -1032
54714 -1236
54796 -1148
55005 1320
55120 1016
55232 1172
55377 1184
56461 1000
57033 -1040
57097 1112
57469 -1280
57510 -1072
57574 -1024
57709 1012
57755 1020
58077 -1136
58271 -1004
58397 -1044
59045 -1056
59140 -1136
59328 -1000
59329 1048
60312 1076
60445 1096
61239 1148
61723 1004
62057 -1012
62290 1156
62365 1264
62787 1100
62905 1028
63125 1020
63426 1004
63441 -1028
63753 1152
64782 -1120
65010 1020
65070 -1120
