1024
00000000000000000000
00000001100000000000
00000010010000000000
00000011110000000000
00000100001000000000
00000111111000000000
00000110011000000000
00000101101000000000
00001000000100000000
00001001100100000000
00001010010100000000
00001011110100000000
00001100001100000000
00001111111100000000
00001110011100000000
00001101101100000000
00010000000010000000
00010001100010000000
00010010010010000000
00010011110010000000
00010100001010000000
00010111111010000000
00010110011010000000
00010101101010000000
00011000000110000000
00011001100110000000
00011010010110000000
00011011110110000000
00011100001110000000
00011111111110000000
00011110011110000000
00011101101110000000
00110000000011000000
00110001100011000000
00110010010011000000
00110011110011000000
00110100001011000000
00110111111011000000
00110110011011000000
00110101101011000000
01110000000011100000
11110000000011110000
11110000000011111100
11110000000011111111
01110001100011100000
11110001100011110000
11110001100011111100
11110001100011111111
01110010010011100000
11110010010011110000
11110010010011111100
11110010010011111111
01110011110011100000
11110011110011110000
11110011110011111100
11110011110011111111
01110100001011100000
11110100001011110000
11110100001011111100
11110100001011111111
01110111111011100000
11110111111011110000
11110111111011111100
11110111111011111111
01110110011011100000
11110110011011110000
11110110011011111100
11110110011011111111
01110101101011100000
11110101101011110000
11110101101011111100
11110101101011111111
11110000000011110011
00111000000111000000
01111000000111100000
10111000000111010000
11111000000111110000
10111000000111011100
11111000000111111100
10111000000111011111
00111000000111001100
00111000000111001111
00111000000111000011
10111000000111010011
00110101101011001100
00110101101011000011
00110101101011001111
11111000000111110011
01111000000111101100
01111000000111100011
01111000000111101111
11111000000111111111
01010110011010100000
11010110011010110000
01010110011010101100
11010110011010111100
01010110011010101111
11110001100011110011
01110000000011100011
10110101101011010000
10110101101011011100
10110101101011010011
10110101101011011111
01000110011000100000
10000110011000010000
11000110011000110000
10000110011000011100
11000110011000111100
10000110011000011111
00000110011000001100
00000110011000001111
00000110011000000011
10000110011000010011
01011100001110100000
10011100001110010000
11011100001110110000
10011100001110011100
11011100001110111100
10011100001110011111
00011100001110001100
00011100001110001111
00011100001110000011
11110010010011110011
01110000000011101100
01110000000011101111
10010101101010010000
00010101101010001100
10010101101010011100
00010101101010001111
10010101101010011111
10010101101010010011
00010101101010000011
00100110011001000000
01100110011001100000
10100110011001010000
11100110011001110000
10100110011001011100
11100110011001111100
10100110011001011111
00100110011001001100
00100110011001001111
00100110011001000011
10100110011001010011
00111010010111000000
01111010010111100000
10111010010111010000
11111010010111110000
10111010010111011100
11111010010111111100
11110011110011110011
00110000000011001100
00110000000011000011
00110000000011001111
01010101101010100000
11010101101010110000
01010101101010101100
11010101101010111100
01010101101010101111
11010101101010111111
11010101101010110011
01010101101010100011
01011101101110100000
10011101101110010000
11011101101110110000
10011101101110011100
11011101101110111100
10011101101110011111
00011101101110001100
00011101101110001111
00011101101110000011
10011101101110010011
01110110011011100011
11110100001011110011
10110000000011010000
10110000000011011100
10110000000011010011
10110000000011011111
01000101101000100000
10000101101000010000
11000101101000110000
10000101101000011100
11000101101000111100
10000101101000011111
00000101101000001100
00000101101000001111
00000101101000000011
10000101101000010011
00101100001101000000
01001100001100100000
01101100001101100000
11001100001100110000
11101100001101110000
11001100001100111100
11001100001100111111
01001100001100101100
01001100001100101111
01001100001100100011
11110111111011110011
10010000000010010000
00010000000010001100
10010000000010011100
00010000000010001111
10010000000010011111
10010000000010010011
00010000000010000011
00100101101001000000
01100101101001100000
10100101101001010000
11100101101001110000
10100101101001011100
11100101101001111100
10100101101001011111
00100101101001001100
00100101101001001111
00100101101001000011
10100101101001010011
01011010010110100000
10011010010110010000
11011010010110110000
10011010010110011100
11011010010110111100
10011010010110011111
11110110011011110011
01010000000010100000
11010000000010110000
01010000000010101100
11010000000010111100
01010000000010101111
11010000000010111111
11010000000010110011
01010000000010100011
00101101101101000000
01001101101100100000
01101101101101100000
11001101101100110000
11101101101101110000
11001101101100111100
11001101101100111111
01001101101100101100
01001101101100101111
01001101101100100011
11001101101100110011
01110101101011100011
00001101101100001100
00001101101100000011
00001101101100001111
11110101101011110011
01000000000000100000
10000000000000010000
11000000000000110000
10000000000000011100
11000000000000111100
10000000000000011111
00000000000000001100
00000000000000001111
00000000000000000011
10000000000000010011
00111111111111000000
01111111111111100000
10111111111111010000
11111111111111110000
10111111111111011100
11111111111111111100
10111111111111011111
00111111111111001100
00111111111111001111
00111111111111000011
10111111111111010011
11111111111111110011
11010110011010111111
11010110011010110011
01010110011010100011
00111101101111000000
01111101101111100000
10111101101111010000
11111101101111110000
10111101101111011100
11111101101111111100
10111101101111011111
00111101101111001100
00111101101111001111
00111101101111000011
10111101101111010011
10110001100011010000
10110001100011011100
10110001100011010011
10110001100011011111
11111101101111110011
01111101101111101100
01111101101111100011
01111101101111101111
11111101101111111111
01110101101011101100
01110101101011101111
10010011110010010000
00010011110010001100
10010011110010011100
00010011110010001111
10010011110010011111
10010011110010010011
00010011110010000011
11101101101101110011
01010111111010100000
11010111111010110000
01010111111010101100
11010111111010111100
10011100001110010011
01110111111011100011
10010110011010010000
00010110011010001100
10010110011010011100
00010110011010001111
10010110011010011111
10010110011010010011
00010110011010000011
00100010010001000000
01100010010001100000
10100010010001010000
11100010010001110000
10100010010001011100
11100010010001111100
10100010010001011111
00100010010001001100
00100010010001001111
00100010010001000011
10100010010001010011
01101101101101101100
01101101101101100011
01101101101101101111
11100010010001110011
01100010010001101100
01100010010001100011
01100010010001101111
11100010010001111111
00101110011101000000
01001110011100100000
01101110011101100000
11001110011100110000
11101110011101110000
11001110011100111100
11101110011101111100
11001110011100111111
11101110011101111111
10111010010111011111
00111010010111001100
00111010010111001111
00111010010111000011
10111010010111010011
10110100001011010000
10110100001011011100
10110100001011010011
10110100001011011111
11111010010111110011
01111010010111101100
01111010010111100011
01111010010111101111
00100111111001000000
01100111111001100000
10100111111001010000
11100111111001110000
10100111111001011100
11100111111001111100
10100111111001011111
00100111111001001100
00100111111001001111
00100111111001000011
10100111111001010011
00101000000101000000
01001000000100100000
01101000000101100000
11001000000100110000
11101000000101110000
11001000000100111100
11001000000100111111
01001000000100101100
01001000000100101111
01001000000100100011
11001000000100110011
11111010010111111111
01000011110000100000
10000011110000010000
11000011110000110000
10000011110000011100
11000011110000111100
10000011110000011111
00000011110000001100
00000011110000001111
00000011110000000011
10000011110000010011
00101001100101000000
01001001100100100000
01101001100101100000
11001001100100110000
11101001100101110000
11001001100100111100
11001001100100111111
01001001100100101100
01001001100100101111
01001001100100100011
11001001100100110011
00001001100100001100
00001001100100000011
00001001100100001111
10001001100100010000
10001001100100011100
10001001100100010011
10001001100100011111
11101001100101110011
01101001100101101100
01101001100101100011
01101001100101101111
10101001100101010000
00101001100101001100
10101001100101011100
00101001100101001111
10101001100101011111
11001100001100110011
01011011110110100000
10011011110110010000
11011011110110110000
10011011110110011100
11011011110110111100
10011011110110011111
00011011110110001100
00011011110110001111
00011011110110000011
10011011110110010011
00110100001011001100
00110100001011000011
00110100001011001111
11011011110110110011
01011011110110101100
01011011110110100011
01011011110110101111
11011011110110111111
11111111111111111111
10110110011011010000
10110110011011011100
10110110011011010011
10110110011011011111
01000010010000100000
10000010010000010000
11000010010000110000
10000010010000011100
11000010010000111100
10000010010000011111
11000010010000111111
11000010010000110011
10000010010000010011
01000010010000101100
00000010010000001100
01000010010000101111
00000010010000001111
00011010010110001100
00011010010110001111
00011010010110000011
10011010010110010011
01110010010011101100
01110010010011101111
01010011110010100000
11010011110010110000
01010011110010101100
11010011110010111100
01010011110010101111
11010011110010111111
11010011110010110011
01010011110010100011
11000000000000110011
01000111111000100000
10000111111000010000
11000111111000110000
10000111111000011100
11000111111000111100
10000111111000011111
00000111111000001100
00000111111000001111
00000111111000000011
10000111111000010011
00111011110111000000
01111011110111100000
10111011110111010000
11111011110111110000
10111011110111011100
11111011110111111100
10111011110111011111
00111011110111001100
00111011110111001111
00111011110111000011
10111011110111010011
11111011110111110011
10010001100010010000
00010001100010001100
10010001100010011100
00010001100010001111
10010001100010011111
10010001100010010011
00010001100010000011
00111110011111000000
01111110011111100000
10111110011111010000
11111110011111110000
10111110011111011100
11111110011111111100
10111110011111011111
00111110011111001100
00111110011111001111
00111110011111000011
10111110011111010011
01000000000000101100
01000000000000100011
01000000000000101111
11111110011111110011
01111110011111101100
01111110011111100011
01111110011111101111
11111110011111111111
00111100001111000000
01111100001111100000
10111100001111010000
11111100001111110000
10111100001111011100
11111100001111111100
10111100001111011111
00111100001111001100
00111100001111001111
00111100001111000011
01111111111111101100
01111111111111100011
01111111111111101111
00100000000001000000
01100000000001100000
10100000000001010000
11100000000001110000
10100000000001011100
11100000000001111100
10100000000001011111
00100000000001001100
00100000000001001111
00100000000001000011
10100000000001010011
01110010010011100011
11100000000001110011
01100000000001101100
01100000000001100011
01100000000001101111
11100000000001111111
11000000000000111111
01110100001011101100
01110100001011101111
10001101101100010000
10001101101100011100
10001101101100010011
10001101101100011111
00110110011011001100
00110110011011000011
00110110011011001111
01110110011011101100
01110110011011101111
10001100001100010000
10001100001100011100
10001100001100010011
10001100001100011111
01000100001000100000
10000100001000010000
01010111111010101111
11010111111010110011
01010111111010100011
01110011110011100011
11111100001111110011
01000101101000101100
01000101101000100011
01000101101000101111
11011100001110111111
01011100001110101100
01011100001110100011
01011100001110101111
10110011110011010000
10110011110011011100
10110011110011010011
10110011110011011111
00100011110001000000
01100011110001100000
10100011110001010000
11100011110001110000
10100011110001011100
11100011110001111100
10100011110001011111
00100011110001001100
00100011110001001111
00100011110001000011
10100011110001010011
10101101101101010000
00101101101101001100
10101101101101011100
00101101101101001111
10101101101101011111
10101101101101010011
00101101101101000011
11101110011101110011
11001110011100110011
01101110011101101100
01001110011100101100
01101110011101101111
01001110011100101111
01001110011100100011
01101110011101100011
10101110011101010000
10001110011100010000
10101110011101011100
10001110011100011100
10101110011101011111
10001110011100011111
10001110011100010011
10101110011101010011
00001110011100001100
00101110011101001100
00001110011100001111
00101110011101001111
00101110011101000011
00001110011100000011
10010111111010010000
00010111111010001100
10010111111010011100
00010111111010001111
10010111111010011111
10010111111010010011
00010111111010000011
01011111111110100000
10011111111110010000
11011111111110110000
10011111111110011100
11011111111110111100
10011111111110011111
00001000000100001100
00001000000100000011
00001000000100001111
11101100001101110011
01000110011000101100
01000110011000100011
01000110011000101111
11111100001111111111
11011101101110111111
11111011110111111111
01010010010010100000
11010010010010110000
01010010010010101100
11010010010010111100
01010010010010101111
11010010010010111111
11010010010010110011
01010010010010100011
00110011110011001100
00110011110011000011
00110011110011001111
11101001100101111100
11101001100101111111
01011010010110101100
01011010010110100011
01011010010110101111
01101000000101101100
01101000000101100011
01101000000101101111
01101100001101101100
01101100001101100011
01101100001101101111
10101001100101010011
00101001100101000011
00101011110101000000
01001011110100100000
01101011110101100000
11001011110100110000
11101011110101110000
11001011110100111100
11001011110100111111
01001011110100101100
01001011110100101111
01001011110100100011
11001011110100110011
10110010010011010000
10110010010011011100
10110010010011010011
10110010010011011111
00001011110100001100
00001011110100000011
00001011110100001111
10001011110100010000
10001011110100011100
10001011110100010011
10001011110100011111
11101011110101110011
01101011110101101100
01101011110101100011
01101011110101101111
10101011110101010000
00101011110101001100
10101011110101011100
00101011110101001111
10101011110101011111
10101011110101010011
00101011110101000011
00000010010000000011
01000010010000100011
01000001100000100000
10000001100000010000
11000001100000110000
10000001100000011100
11000001100000111100
10000001100000011111
00000001100000001100
00000001100000001111
00000001100000000011
10000001100000010011
11000001100000110011
01000001100000101100
01000001100000100011
01000001100000101111
11000001100000111111
01110001100011100011
01010001100010100000
11010001100010110000
01010001100010101100
11010001100010111100
01010001100010101111
11010001100010111111
11010001100010110011
01010001100010100011
01000111111000101100
01000111111000100011
01000111111000101111
01011000000110100000
10011000000110010000
11011000000110110000
10011000000110011100
11011000000110111100
10011000000110011111
11010111111010111111
11100110011001110011
11000110011000111111
11000101101000111111
11000110011000110011
11000111111000111111
01011101101110101100
01011101101110100011
01011101101110101111
11011101101110110011
11000011110000111111
10010010010010010000
00010010010010001100
10010010010010011100
00010010010010001111
10010010010010011111
10010010010010010011
00010010010010000011
11100111111001110011
01100110011001101100
01100110011001100011
01100110011001101111
10111100001111010011
01110111111011101100
01110111111011101111
00001100001100001100
00001100001100000011
00001100001100001111
01110001100011101100
01110001100011101111
01100101101001101100
01100101101001100011
01100101101001101111
01010100001010100000
11010100001010110000
01010100001010101100
11010100001010111100
01010100001010101111
11010100001010111111
11010100001010110011
01010100001010100011
00110111111011001100
00110111111011000011
00110111111011001111
00110001100011001100
00110001100011000011
00110001100011001111
01100111111001101100
01100111111001100011
01100111111001101111
10010100001010010000
00010100001010001100
10010100001010011100
00010100001010001111
10010100001010011111
10010100001010010011
00010100001010000011
11000100001000110000
10000100001000011100
11000100001000111100
10000100001000011111
00000100001000001100
00000100001000001111
00000100001000000011
10000100001000010011
11000100001000110011
01000100001000101100
01000100001000100011
01000100001000101111
11000100001000111111
10110111111011010000
10110111111011011100
10110111111011010011
10110111111011011111
00101111111101000000
01001111111100100000
01101111111101100000
11001111111100110000
11101111111101110000
11001111111100111100
11001111111100111111
01001111111100101100
01001111111100101111
01001111111100100011
11001111111100110011
00110010010011001100
00110010010011000011
00110010010011001111
00001111111100001100
00001111111100000011
00001111111100001111
10001111111100010000
00011000000110001100
00011000000110001111
11100011110001110011
11101111111101111100
11101111111101111111
11011000000110111111
11000011110000110011
11101000000101110011
01011111111110101100
01011111111110100011
01011111111110101111
00011111111110001100
10011111111110010011
00011111111110001111
00011111111110000011
01100011110001101100
01100011110001100011
01100011110001101111
00111001100111000000
01111001100111100000
10111001100111010000
11111001100111110000
10111001100111011100
11111001100111111100
10111001100111011111
00111001100111001100
00111001100111001111
00111001100111000011
10111001100111010011
01000011110000101100
01000011110000100011
01000011110000101111
11111001100111110011
01111001100111101100
01111001100111100011
01111001100111101111
11111001100111111111
01011001100110100000
10011001100110010000
11011001100110110000
10011001100110011100
10001111111100010011
11100011110001111111
11101101101101111100
11101101101101111111
10101100001101010000
00101100001101001100
10101100001101011100
00101100001101001111
10101100001101011111
10101100001101010011
00101100001101000011
10101000000101010000
00101000000101001100
10101000000101011100
00101000000101001111
10101000000101011111
10101000000101010011
00101000000101000011
11101011110101111100
11101011110101111111
10001000000100010000
10001000000100011100
10001000000100010011
10001000000100011111
11100110011001111111
11101000000101111100
11101000000101111111
01110011110011101100
01110011110011101111
11100101101001111111
01111011110111101100
01111011110111100011
01111011110111101111
10011000000110010011
11011010010110110011
11100111111001111111
00101010010101000000
01001010010100100000
01101010010101100000
11001010010100110000
11101010010101110000
11001010010100111100
11001010010100111111
01001010010100101100
01001010010100101111
01001010010100100011
11001010010100110011
00100001100001000000
01100001100001100000
10100001100001010000
11100001100001110000
10100001100001011100
11100001100001111100
10100001100001011111
00100001100001001100
00100001100001001111
00100001100001000011
10100001100001010011
00001010010100001100
00001010010100000011
00001010010100001111
11100001100001110011
00011000000110000011
01111100001111101100
01111100001111100011
01111100001111101111
11101111111101110011
11000111111000110011
11011010010110111111
01101111111101101100
01101111111101100011
01101111111101101111
11011000000110110011
11000101101000110011
11011100001110110011
10001111111100011100
10001111111100011111
11011111111110110011
10101111111101010000
00101111111101001100
10101111111101011100
00101111111101001111
10101111111101011111
10101111111101010011
00101111111101000011
01011000000110101100
01011000000110100011
01011000000110101111
11101100001101111100
11101100001101111111
01110100001011100011
10011001100110011111
11100001100001111111
00100100001001000000
01100100001001100000
10100100001001010000
11100100001001110000
10100100001001011100
11100100001001111100
10100100001001011111
00100100001001001100
00100100001001001111
00100100001001000011
10100100001001010011
11100100001001111111
11100100001001110011
01100100001001101100
01100100001001100011
01100100001001101111
11011001100110111100
11011001100110111111
10001010010100010000
10001010010100011100
10001010010100010011
10001010010100011111
00011001100110000011
00011001100110001100
00011001100110001111
11011111111110111111
01100001100001100011
11101010010101110011
01011001100110101100
01011001100110100011
01011001100110101111
01101010010101101100
01101010010101100011
01101010010101101111
01100001100001101100
01100001100001101111
10101010010101010000
00101010010101001100
10101010010101011100
00101010010101001111
10101010010101011111
10101010010101010011
00101010010101000011
10011001100110010011
11101010010101111100
11101010010101111111
11011001100110110011
01011110011110100000
10011110011110010000
11011110011110110000
10011110011110011100
11011110011110111100
10011110011110011111
00011110011110001100
00011110011110001111
00011110011110000011
10011110011110010011
11011110011110111111
11011110011110110011
01011110011110101100
01011110011110100011
01011110011110101111
11100101101001110011
