202
62 -2600
283 2376
1130 2480
1215 -3028
1753 -2328
2236 -2292
7255 2596
7835 -2444
8832 -2276
10279 -2788
11633 -2340
13035 2564
14450 -2488
16342 -2388
17851 2308
22541 2300
25809 2276
28418 2680
32765 -2504
34878 -2300
35135 -2604
37458 2636
38547 -2496
40079 2376
40758 -2376
41282 -2328
43429 2312
44354 2560
44420 -2460
44785 2308
45575 -2280
47083 2276
47529 2296
47592 -2364
48013 -2272
49410 -2852
49913 2272
50626 2364
52243 2396
52847 2292
53485 2368
55908 2316
56758 2444
57086 -2336
58331 -2952
58484 2580
60758 2412
62799 -2624
65273 2336
69116 -2288
72455 -2688
74373 -2680
75518 2312
76233 -2540
77702 -2292
80775 2504
80782 2372
84186 2292
84468 2332
85744 2280
86010 2440
86073 2460
87358 -2904
88049 2552
93490 2280
96120 2420
96409 2380
98114 2400
98627 2340
98932 -2432
101401 2404
107394 -2272
107445 2320
108180 -2288
108769 -2516
110629 -2332
111630 -2548
114011 -2540
115294 -3216
116278 -2392
116684 2464
119291 -2416
119438 -2536
121202 -2364
123868 2288
124275 2408
125242 2756
126246 -2324
127611 -2308
128002 -2368
128375 2376
129115 2700
132178 -2448
135011 -2376
136584 -2424
138389 -2304
138497 -2532
139887 2308
140483 -2348
142718 2380
143892 2324
143902 2512
144943 -2404
145711 2824
146446 2504
147306 2308
147388 2336
147936 2404
148428 -2364
148495 -2480
148931 -2292
149765 2376
150369 2592
152017 -2312
153680 2512
154016 -2436
158874 -2692
159106 2304
159229 -2560
161234 2744
161664 -2476
163887 -2376
164549 -2436
164830 2456
165190 2352
165921 -2380
166166 -2336
166337 2536
167098 -2404
168014 -2628
169657 2316
171188 -2904
173198 -2428
173841 -2432
175201 2508
175298 2444
177864 2272
178687 2644
181293 -2280
183141 -2540
183288 -2408
187033 -2368
187075 2356
189237 -2276
189284 -2464
190791 2384
190973 -2276
192748 2316
195154 2568
196077 2452
198116 -2496
198388 2412
198484 -2736
198787 -2404
198952 -2344
200311 -2940
201259 -2388
201548 2784
202044 -2296
203862 -2520
205044 -2452
207495 -2292
208002 2296
208060 -2540
208490 -3000
209295 2328
210891 -2544
212138 2344
213228 -2304
213536 -2400
216378 -2448
218279 2416
219592 -2428
222506 -2640
223107 2276
223157 -2488
223633 2752
223775 -2480
224084 2452
226531 -2544
227485 2420
228760 -2324
230124 -2368
230587 2488
232719 2916
232848 2412
233890 -2536
234372 -2380
234800 -2652
236453 2368
238452 -2364
238861 2408
240612 -2380
241997 -2344
243844 2368
249776 2848
253213 2300
254461 2332
254851 -2600
257153 2288
259288 -2748
260365 2540
