211
38 -256
53 256
63 308
75 -264
92 -312
116 304
176 -328
226 272
255 260
294 324
308 -264
343 276
373 368
423 -276
424 324
442 -264
459 -296
462 268
463 304
521 -256
613 -252
637 260
647 -376
656 -256
677 -252
835 300
938 288
956 -260
1050 -284
1055 -304
1095 -276
1188 -388
1223 -288
1249 -260
1282 280
1365 -268
1381 276
1444 -296
1474 288
1478 264
1504 -300
1522 304
1580 -272
1594 -284
1605 -280
1689 352
1693 304
1786 -300
1790 340
1806 320
1904 -312
1920 -288
1945 -260
1998 272
2024 268
2077 316
2082 300
2137 -256
2177 264
2186 -256
2198 344
2241 -260
2254 388
2255 256
2263 320
2408 -320
2446 -276
2470 -308
2484 -312
2641 -312
2684 -252
2731 -276
2825 328
2829 344
2836 -316
2843 -348
2853 352
2873 336
2877 -296
2882 356
2960 272
3020 332
3021 -256
3088 -260
3099 284
3186 -324
3254 -292
3256 376
3280 276
3348 -264
3476 252
3483 252
3526 -316
3532 280
3541 -252
3550 252
3585 -280
3595 444
3598 256
3618 256
3633 288
3646 -256
3658 -268
3662 -260
3716 -256
3868 -296
3889 -284
3929 -320
4017 256
4077 -324
4095 -288
4101 -300
4144 256
4154 -260
4248 -260
4310 276
4323 256
4400 292
4499 256
4515 312
4525 -332
4596 308
4602 296
4629 372
4692 316
4722 -288
4757 328
4763 252
4866 304
4897 272
4960 280
4998 -324
5116 -284
5157 -272
5175 324
5256 336
5302 364
5308 -432
5379 328
5413 276
5423 -264
5447 364
5535 -340
5551 -276
5589 -252
5595 -272
5636 300
5646 296
5667 -276
5672 -268
5711 -352
5718 316
5735 -256
5761 -292
5782 -292
5783 -288
5800 272
5804 288
5825 384
5888 312
5951 -304
6105 -284
6120 -288
6121 252
6169 -360
6182 256
6212 -264
6252 -296
6331 264
6355 -364
6377 312
6388 -308
6489 368
6493 272
6527 252
6556 -372
6617 260
6713 -256
6727 288
6733 -356
6914 260
6944 -256
6985 320
7100 -292
7124 -272
7158 -332
7180 264
7184 296
7189 -252
7194 -276
7223 280
7245 -272
7322 -264
7328 -252
7346 256
7351 308
7356 -252
7525 -260
7606 -356
7622 256
7690 308
7702 -284
7720 312
7763 -284
7778 -336
7808 252
7883 -272
7897 300
7947 -276
8126 292
8156 268
