8384
297
2145
3629
3882
4086
4817
7498
8445
14560
16681
18529
20013
20266
20470
21201
23882
24829
30944
33065
34913
36397
36650
36854
37585
40266
41213
47328
49449
51297
52781
53034
53238
53969
56650
57597
63712
4574
20958
37342
53726
1718
1818
1823
5076
5138
6042
6945
9123
10613
10898
10901
18102
18202
18207
21460
21522
22426
23329
25507
26997
27282
27285
34486
34586
34591
37844
37906
38810
39713
41891
43381
43666
43669
50870
50970
50975
54228
54290
55194
56097
58275
59765
60050
60053
8454
24838
41222
57606
5501
6053
7623
11599
14027
14870
21885
22437
24007
27983
30411
31254
38269
38821
40391
44367
46795
47638
54653
55205
56775
60751
63179
64022
862
1457
1827
8276
9619
9845
12089
12207
13178
14679
16304
17246
17841
18211
24660
26003
26229
28473
28591
29562
31063
32688
33630
34225
34595
41044
42387
42613
44857
44975
45946
47447
49072
50014
50609
50979
57428
58771
58997
61241
61359
62330
63831
65456
5485
5711
7613
8119
8965
10688
10912
10974
11732
12415
21869
22095
23997
24503
25349
27072
27296
27358
28116
28799
38253
38479
40381
40887
41733
43456
43680
43742
44500
45183
54637
54863
56765
57271
58117
59840
60064
60126
60884
61567
4203
12068
12560
14518
15826
20587
28452
28944
30902
32210
36971
44836
45328
47286
48594
53355
61220
61712
63670
64978
550
2273
4628
4810
5628
8611
16934
18657
21012
21194
22012
24995
33318
35041
37396
37578
38396
41379
49702
51425
53780
53962
54780
57763
749
4501
11909
12011
17133
20885
28293
28395
33517
37269
44677
44779
49901
53653
61061
61163
201
7525
10825
10972
11288
11835
12034
14620
14734
15532
16058
16585
23909
27209
27356
27672
28219
28418
31004
31118
31916
32442
32969
40293
43593
43740
44056
44603
44802
47388
47502
48300
48826
49353
56677
59977
60124
60440
60987
61186
63772
63886
64684
65210
13
30
32
51
63
79
88
131
141
143
151
170
172
227
299
304
308
322
367
402
409
414
421
427
430
434
472
489
492
496
522
549
553
575
613
617
636
651
658
678
735
739
761
767
771
810
842
857
881
887
891
907
938
962
1046
1049
1100
1121
1124
1126
1139
1142
1173
1179
1183
1195
1221
1242
1244
1253
1276
1283
1292
1309
1331
1334
1339
1343
1350
1356
1361
1362
1365
1367
1374
1389
1396
1409
1435
1476
1484
1485
1512
1523
1534
1551
1577
1588
1602
1621
1641
1646
1652
1655
1687
1697
1738
1840
1847
1850
1871
1874
1881
1934
1981
2013
2017
2020
2022
2041
2044
2076
2102
2117
2131
2142
2173
2189
2203
2206
2209
2216
2224
2269
2283
2291
2296
2298
2300
2303
2310
2345
2354
2376
2385
2403
2423
2440
2444
2446
2448
2484
2507
2508
2529
2555
2576
2595
2610
2613
2633
2635
2636
2641
2644
2672
2694
2696
2702
2712
2738
2743
2752
2774
2783
2786
2804
2843
2874
2884
2919
2943
2948
2969
2978
2995
2999
3011
3026
3033
3055
3064
3123
3124
3135
3140
3145
3206
3251
3259
3293
3321
3329
3362
3374
3385
3394
3416
3428
3518
3595
3606
3611
3620
3622
3633
3670
3694
3697
3719
3758
3775
3784
3787
3798
3827
3831
3841
3864
3874
3918
3922
3924
3965
3967
4000
4007
4020
4049
4065
4105
4112
4144
4165
4166
4171
4253
4269
4274
4296
4327
4333
4334
4348
4367
4368
4391
4406
4424
4425
4429
4435
4442
4448
4484
4486
4494
4507
4528
4529
4623
4627
4634
4642
4671
4683
4687
4695
4698
4717
4723
4737
4753
4774
4776
4788
4814
4830
4880
4885
4901
4945
4978
4980
5047
5056
5059
5110
5132
5136
5144
5149
5151
5156
5163
5175
5178
5207
5220
5227
5242
5250
5260
5293
5304
5336
5342
5365
5372
5375
5405
5411
5418
5436
5446
5449
5450
5461
5474
5477
5496
5510
5540
5541
5545
5585
5587
5605
5670
5674
5687
5709
5714
5738
5765
5772
5807
5824
5829
5851
5877
5883
5893
5901
5918
5945
5967
6065
6084
6105
6122
6128
6148
6153
6178
6193
6201
6216
6225
6226
6270
6279
6296
6297
6314
6320
6336
6344
6352
6357
6372
6382
6388
6392
6400
6421
6447
6453
6515
6517
6528
6554
6589
6591
6598
6601
6615
6646
6656
6680
6684
6697
6711
6727
6737
6739
6743
6764
6804
6807
6816
6846
6853
6868
6882
6896
6914
6927
6998
7000
7014
7047
7066
7111
7124
7136
7197
7222
7233
7304
7306
7307
7324
7330
7350
7376
7388
7392
7422
7464
7469
7472
7488
7491
7497
7539
7599
7609
7626
7655
7661
7675
7731
7743
7755
7780
7790
7801
7825
7826
7843
7879
7897
7902
7903
7917
7947
7962
7980
8009
8011
8023
8035
8036
8037
8039
8049
8060
8079
8085
8098
8109
8121
8127
8128
8142
8145
8154
8158
8166
8214
8226
8249
8263
8271
8281
8304
8313
8315
8365
8378
8384
8414
8439
8471
8472
8479
8544
8637
8639
8679
8681
8712
8714
8716
8752
8763
8775
8776
8788
8796
8801
8806
8809
8814
8828
8838
8855
8894
8901
8920
8937
8957
8964
8978
8983
9003
9014
9025
9042
9076
9081
9110
9152
9156
9159
9192
9208
9240
9266
9284
9323
9335
9386
9394
9416
9432
9442
9446
9497
9513
9517
9530
9535
9547
9554
9555
9600
9621
9625
9628
9654
9672
9694
9703
9708
9717
9726
9753
9804
9814
9823
9892
9915
9916
9921
9942
9980
9986
9991
9996
10010
10019
10021
10040
10052
10057
10071
10097
10099
10106
10109
10145
10147
10166
10184
10201
10212
10229
10242
10265
10267
10285
10292
10314
10323
10372
10391
10420
10464
10471
10495
10526
10543
10549
10559
10571
10575
10597
10612
10635
10655
10672
10694
10701
10729
10764
10766
10779
10812
10829
10853
10868
10894
10927
10929
10931
10935
10954
10968
10996
11002
11030
11089
11113
11116
11131
11144
11155
11171
11173
11224
11236
11278
11280
11299
11307
11338
11344
11363
11374
11435
11442
11445
11477
11497
11520
11540
11561
11571
11576
11577
11585
11606
11610
11629
11663
11701
11706
11734
11746
11754
11764
11836
11885
11910
11914
11931
11937
11945
11962
11988
11993
12003
12010
12012
12051
12072
12074
12075
12090
12100
12106
12112
12136
12189
12197
12199
12261
12266
12273
12281
12288
12297
12359
12367
12374
12389
12396
12403
12455
12468
12484
12517
12533
12534
12545
12601
12605
12626
12646
12650
12655
12668
12679
12698
12702
12714
12726
12740
12752
12754
12755
12758
12763
12786
12795
12810
12829
12854
12859
12864
12865
12885
12895
12910
12925
12930
12957
12977
13005
13019
13028
13063
13065
13079
13083
13093
13099
13108
13124
13148
13151
13160
13176
13186
13218
13223
13238
13247
13273
13275
13310
13317
13335
13370
13394
13411
13483
13507
13567
13581
13585
13587
13616
13624
13638
13643
13654
13668
13685
13687
13694
13702
13740
13760
13790
13797
13830
13853
13861
13867
13871
13904
13907
13929
13957
13960
13961
13964
14017
14021
14022
14033
14046
14059
14073
14081
14084
14095
14098
14100
14102
14119
14131
14164
14173
14211
14217
14253
14312
14315
14317
14318
14335
14336
14337
14339
14417
14445
14462
14496
14537
14539
14552
14587
14591
14598
14601
14604
14636
14674
14702
14745
14757
14760
14781
14809
14847
14894
14917
14918
14927
14930
14932
14993
14997
15017
15035
15080
15108
15128
15140
15188
15191
15204
15206
15208
15212
15225
15226
15234
15236
15238
15240
15249
15275
15302
15314
15329
15358
15367
15389
15415
15455
15470
15478
15483
15484
15485
15487
15493
15508
15530
15549
15559
15567
15570
15599
15610
15626
15628
15649
15662
15707
15723
15750
15754
15773
15780
15789
15807
15810
15817
15838
15849
15882
15886
15887
15899
15945
15955
15990
16008
16025
16033
16038
16042
16054
16069
16085
16113
16114
16175
16238
16270
16278
16279
16365
16370
16376
16397
16414
16416
16435
16447
16463
16472
16515
16525
16527
16535
16554
16556
16611
16683
16688
16692
16706
16751
16786
16793
16798
16805
16811
16814
16818
16856
16873
16876
16880
16906
16933
16937
16959
16997
17001
17020
17035
17042
17062
17119
17123
17145
17151
17155
17194
17226
17241
17265
17271
17275
17291
17322
17346
17430
17433
17484
17505
17508
17510
17523
17526
17557
17563
17567
17579
17605
17626
17628
17637
17660
17667
17676
17693
17715
17718
17723
17727
17734
17740
17745
17746
17749
17751
17758
17773
17780
17793
17819
17860
17868
17869
17896
17907
17918
17935
17961
17972
17986
18005
18025
18030
18036
18039
18071
18081
18122
18224
18231
18234
18255
18258
18265
18318
18365
18397
18401
18404
18406
18425
18428
18460
18486
18501
18515
18526
18557
18573
18587
18590
18593
18600
18608
18653
18667
18675
18680
18682
18684
18687
18694
18729
18738
18760
18769
18787
18807
18824
18828
18830
18832
18868
18891
18892
18913
18939
18960
18979
18994
18997
19017
19019
19020
19025
19028
19056
19078
19080
19086
19096
19122
19127
19136
19158
19167
19170
19188
19227
19258
19268
19303
19327
19332
19353
19362
19379
19383
19395
19410
19417
19439
19448
19507
19508
19519
19524
19529
19590
19635
19643
19677
19705
19713
19746
19758
19769
19778
19800
19812
19902
19979
19990
19995
20004
20006
20017
20054
20078
20081
20103
20142
20159
20168
20171
20182
20211
20215
20225
20248
20258
20302
20306
20308
20349
20351
20384
20391
20404
20433
20449
20489
20496
20528
20549
20550
20555
20637
20653
20658
20680
20711
20717
20718
20732
20751
20752
20775
20790
20808
20809
20813
20819
20826
20832
20868
20870
20878
20891
20912
20913
21007
21011
21018
21026
21055
21067
21071
21079
21082
21101
21107
21121
21137
21158
21160
21172
21198
21214
21264
21269
21285
21329
21362
21364
21431
21440
21443
21494
21516
21520
21528
21533
21535
21540
21547
21559
21562
21591
21604
21611
21626
21634
21644
21677
21688
21720
21726
21749
21756
21759
21789
21795
21802
21820
21830
21833
21834
21845
21858
21861
21880
21894
21924
21925
21929
21969
21971
21989
22054
22058
22071
22093
22098
22122
22149
22156
22191
22208
22213
22235
22261
22267
22277
22285
22302
22329
22351
22449
22468
22489
22506
22512
22532
22537
22562
22577
22585
22600
22609
22610
22654
22663
22680
22681
22698
22704
22720
22728
22736
22741
22756
22766
22772
22776
22784
22805
22831
22837
22899
22901
22912
22938
22973
22975
22982
22985
22999
23030
23040
23064
23068
23081
23095
23111
23121
23123
23127
23148
23188
23191
23200
23230
23237
23252
23266
23280
23298
23311
23382
23384
23398
23431
23450
23495
23508
23520
23581
23606
23617
23688
23690
23691
23708
23714
23734
23760
23772
23776
23806
23848
23853
23856
23872
23875
23881
23923
23983
23993
24010
24039
24045
24059
24115
24127
24139
24164
24174
24185
24209
24210
24227
24263
24281
24286
24287
24301
24331
24346
24364
24393
24395
24407
24419
24420
24421
24423
24433
24444
24463
24469
24482
24493
24505
24511
24512
24526
24529
24538
24542
24550
24598
24610
24633
24647
24655
24665
24688
24697
24699
24749
24762
24768
24798
24823
24855
24856
24863
24928
25021
25023
25063
25065
25096
25098
25100
25136
25147
25159
25160
25172
25180
25185
25190
25193
25198
25212
25222
25239
25278
25285
25304
25321
25341
25348
25362
25367
25387
25398
25409
25426
25460
25465
25494
25536
25540
25543
25576
25592
25624
25650
25668
25707
25719
25770
25778
25800
25816
25826
25830
25881
25897
25901
25914
25919
25931
25938
25939
25984
26005
26009
26012
26038
26056
26078
26087
26092
26101
26110
26137
26188
26198
26207
26276
26299
26300
26305
26326
26364
26370
26375
26380
26394
26403
26405
26424
26436
26441
26455
26481
26483
26490
26493
26529
26531
26550
26568
26585
26596
26613
26626
26649
26651
26669
26676
26698
26707
26756
26775
26804
26848
26855
26879
26910
26927
26933
26943
26955
26959
26981
26996
27019
27039
27056
27078
27085
27113
27148
27150
27163
27196
27213
27237
27252
27278
27311
27313
27315
27319
27338
27352
27380
27386
27414
27473
27497
27500
27515
27528
27539
27555
27557
27608
27620
27662
27664
27683
27691
27722
27728
27747
27758
27819
27826
27829
27861
27881
27904
27924
27945
27955
27960
27961
27969
27990
27994
28013
28047
28085
28090
28118
28130
28138
28148
28220
28269
28294
28298
28315
28321
28329
28346
28372
28377
28387
28394
28396
28435
28456
28458
28459
28474
28484
28490
28496
28520
28573
28581
28583
28645
28650
28657
28665
28672
28681
28743
28751
28758
28773
28780
28787
28839
28852
28868
28901
28917
28918
28929
28985
28989
29010
29030
29034
29039
29052
29063
29082
29086
29098
29110
29124
29136
29138
29139
29142
29147
29170
29179
29194
29213
29238
29243
29248
29249
29269
29279
29294
29309
29314
29341
29361
29389
29403
29412
29447
29449
29463
29467
29477
29483
29492
29508
29532
29535
29544
29560
29570
29602
29607
29622
29631
29657
29659
29694
29701
29719
29754
29778
29795
29867
29891
29951
29965
29969
29971
30000
30008
30022
30027
30038
30052
30069
30071
30078
30086
30124
30144
30174
30181
30214
30237
30245
30251
30255
30288
30291
30313
30341
30344
30345
30348
30401
30405
30406
30417
30430
30443
30457
30465
30468
30479
30482
30484
30486
30503
30515
30548
30557
30595
30601
30637
30696
30699
30701
30702
30719
30720
30721
30723
30801
30829
30846
30880
30921
30923
30936
30971
30975
30982
30985
30988
31020
31058
31086
31129
31141
31144
31165
31193
31231
31278
31301
31302
31311
31314
31316
31377
31381
31401
31419
31464
31492
31512
31524
31572
31575
31588
31590
31592
31596
31609
31610
31618
31620
31622
31624
31633
31659
31686
31698
31713
31742
31751
31773
31799
31839
31854
31862
31867
31868
31869
31871
31877
31892
31914
31933
31943
31951
31954
31983
31994
32010
32012
32033
32046
32091
32107
32134
32138
32157
32164
32173
32191
32194
32201
32222
32233
32266
32270
32271
32283
32329
32339
32374
32392
32409
32417
32422
32426
32438
32453
32469
32497
32498
32559
32622
32654
32662
32663
32749
32754
32760
32781
32798
32800
32819
32831
32847
32856
32899
32909
32911
32919
32938
32940
32995
33067
33072
33076
33090
33135
33170
33177
33182
33189
33195
33198
33202
33240
33257
33260
33264
33290
33317
33321
33343
33381
33385
33404
33419
33426
33446
33503
33507
33529
33535
33539
33578
33610
33625
33649
33655
33659
33675
33706
33730
33814
33817
33868
33889
33892
33894
33907
33910
33941
33947
33951
33963
33989
34010
34012
34021
34044
34051
34060
34077
34099
34102
34107
34111
34118
34124
34129
34130
34133
34135
34142
34157
34164
34177
34203
34244
34252
34253
34280
34291
34302
34319
34345
34356
34370
34389
34409
34414
34420
34423
34455
34465
34506
34608
34615
34618
34639
34642
34649
34702
34749
34781
34785
34788
34790
34809
34812
34844
34870
34885
34899
34910
34941
34957
34971
34974
34977
34984
34992
35037
35051
35059
35064
35066
35068
35071
35078
35113
35122
35144
35153
35171
35191
35208
35212
35214
35216
35252
35275
35276
35297
35323
35344
35363
35378
35381
35401
35403
35404
35409
35412
35440
35462
35464
35470
35480
35506
35511
35520
35542
35551
35554
35572
35611
35642
35652
35687
35711
35716
35737
35746
35763
35767
35779
35794
35801
35823
35832
35891
35892
35903
35908
35913
35974
36019
36027
36061
36089
36097
36130
36142
36153
36162
36184
36196
36286
36363
36374
36379
36388
36390
36401
36438
36462
36465
36487
36526
36543
36552
36555
36566
36595
36599
36609
36632
36642
36686
36690
36692
36733
36735
36768
36775
36788
36817
36833
36873
36880
36912
36933
36934
36939
37021
37037
37042
37064
37095
37101
37102
37116
37135
37136
37159
37174
37192
37193
37197
37203
37210
37216
37252
37254
37262
37275
37296
37297
37391
37395
37402
37410
37439
37451
37455
37463
37466
37485
37491
37505
37521
37542
37544
37556
37582
37598
37648
37653
37669
37713
37746
37748
37815
37824
37827
37878
37900
37904
37912
37917
37919
37924
37931
37943
37946
37975
37988
37995
38010
38018
38028
38061
38072
38104
38110
38133
38140
38143
38173
38179
38186
38204
38214
38217
38218
38229
38242
38245
38264
38278
38308
38309
38313
38353
38355
38373
38438
38442
38455
38477
38482
38506
38533
38540
38575
38592
38597
38619
38645
38651
38661
38669
38686
38713
38735
38833
38852
38873
38890
38896
38916
38921
38946
38961
38969
38984
38993
38994
39038
39047
39064
39065
39082
39088
39104
39112
39120
39125
39140
39150
39156
39160
39168
39189
39215
39221
39283
39285
39296
39322
39357
39359
39366
39369
39383
39414
39424
39448
39452
39465
39479
39495
39505
39507
39511
39532
39572
39575
39584
39614
39621
39636
39650
39664
39682
39695
39766
39768
39782
39815
39834
39879
39892
39904
39965
39990
40001
40072
40074
40075
40092
40098
40118
40144
40156
40160
40190
40232
40237
40240
40256
40259
40265
40307
40367
40377
40394
40423
40429
40443
40499
40511
40523
40548
40558
40569
40593
40594
40611
40647
40665
40670
40671
40685
40715
40730
40748
40777
40779
40791
40803
40804
40805
40807
40817
40828
40847
40853
40866
40877
40889
40895
40896
40910
40913
40922
40926
40934
40982
40994
41017
41031
41039
41049
41072
41081
41083
41133
41146
41152
41182
41207
41239
41240
41247
41312
41405
41407
41447
41449
41480
41482
41484
41520
41531
41543
41544
41556
41564
41569
41574
41577
41582
41596
41606
41623
41662
41669
41688
41705
41725
41732
41746
41751
41771
41782
41793
41810
41844
41849
41878
41920
41924
41927
41960
41976
42008
42034
42052
42091
42103
42154
42162
42184
42200
42210
42214
42265
42281
42285
42298
42303
42315
42322
42323
42368
42389
42393
42396
42422
42440
42462
42471
42476
42485
42494
42521
42572
42582
42591
42660
42683
42684
42689
42710
42748
42754
42759
42764
42778
42787
42789
42808
42820
42825
42839
42865
42867
42874
42877
42913
42915
42934
42952
42969
42980
42997
43010
43033
43035
43053
43060
43082
43091
43140
43159
43188
43232
43239
43263
43294
43311
43317
43327
43339
43343
43365
43380
43403
43423
43440
43462
43469
43497
43532
43534
43547
43580
43597
43621
43636
43662
43695
43697
43699
43703
43722
43736
43764
43770
43798
43857
43881
43884
43899
43912
43923
43939
43941
43992
44004
44046
44048
44067
44075
44106
44112
44131
44142
44203
44210
44213
44245
44265
44288
44308
44329
44339
44344
44345
44353
44374
44378
44397
44431
44469
44474
44502
44514
44522
44532
44604
44653
44678
44682
44699
44705
44713
44730
44756
44761
44771
44778
44780
44819
44840
44842
44843
44858
44868
44874
44880
44904
44957
44965
44967
45029
45034
45041
45049
45056
45065
45127
45135
45142
45157
45164
45171
45223
45236
45252
45285
45301
45302
45313
45369
45373
45394
45414
45418
45423
45436
45447
45466
45470
45482
45494
45508
45520
45522
45523
45526
45531
45554
45563
45578
45597
45622
45627
45632
45633
45653
45663
45678
45693
45698
45725
45745
45773
45787
45796
45831
45833
45847
45851
45861
45867
45876
45892
45916
45919
45928
45944
45954
45986
45991
46006
46015
46041
46043
46078
46085
46103
46138
46162
46179
46251
46275
46335
46349
46353
46355
46384
46392
46406
46411
46422
46436
46453
46455
46462
46470
46508
46528
46558
46565
46598
46621
46629
46635
46639
46672
46675
46697
46725
46728
46729
46732
46785
46789
46790
46801
46814
46827
46841
46849
46852
46863
46866
46868
46870
46887
46899
46932
46941
46979
46985
47021
47080
47083
47085
47086
47103
47104
47105
47107
47185
47213
47230
47264
47305
47307
47320
47355
47359
47366
47369
47372
47404
47442
47470
47513
47525
47528
47549
47577
47615
47662
47685
47686
47695
47698
47700
47761
47765
47785
47803
47848
47876
47896
47908
47956
47959
47972
47974
47976
47980
47993
47994
48002
48004
48006
48008
48017
48043
48070
48082
48097
48126
48135
48157
48183
48223
48238
48246
48251
48252
48253
48255
48261
48276
48298
48317
48327
48335
48338
48367
48378
48394
48396
48417
48430
48475
48491
48518
48522
48541
48548
48557
48575
48578
48585
48606
48617
48650
48654
48655
48667
48713
48723
48758
48776
48793
48801
48806
48810
48822
48837
48853
48881
48882
48943
49006
49038
49046
49047
49133
49138
49144
49165
49182
49184
49203
49215
49231
49240
49283
49293
49295
49303
49322
49324
49379
49451
49456
49460
49474
49519
49554
49561
49566
49573
49579
49582
49586
49624
49641
49644
49648
49674
49701
49705
49727
49765
49769
49788
49803
49810
49830
49887
49891
49913
49919
49923
49962
49994
50009
50033
50039
50043
50059
50090
50114
50198
50201
50252
50273
50276
50278
50291
50294
50325
50331
50335
50347
50373
50394
50396
50405
50428
50435
50444
50461
50483
50486
50491
50495
50502
50508
50513
50514
50517
50519
50526
50541
50548
50561
50587
50628
50636
50637
50664
50675
50686
50703
50729
50740
50754
50773
50793
50798
50804
50807
50839
50849
50890
50992
50999
51002
51023
51026
51033
51086
51133
51165
51169
51172
51174
51193
51196
51228
51254
51269
51283
51294
51325
51341
51355
51358
51361
51368
51376
51421
51435
51443
51448
51450
51452
51455
51462
51497
51506
51528
51537
51555
51575
51592
51596
51598
51600
51636
51659
51660
51681
51707
51728
51747
51762
51765
51785
51787
51788
51793
51796
51824
51846
51848
51854
51864
51890
51895
51904
51926
51935
51938
51956
51995
52026
52036
52071
52095
52100
52121
52130
52147
52151
52163
52178
52185
52207
52216
52275
52276
52287
52292
52297
52358
52403
52411
52445
52473
52481
52514
52526
52537
52546
52568
52580
52670
52747
52758
52763
52772
52774
52785
52822
52846
52849
52871
52910
52927
52936
52939
52950
52979
52983
52993
53016
53026
53070
53074
53076
53117
53119
53152
53159
53172
53201
53217
53257
53264
53296
53317
53318
53323
53405
53421
53426
53448
53479
53485
53486
53500
53519
53520
53543
53558
53576
53577
53581
53587
53594
53600
53636
53638
53646
53659
53680
53681
53775
53779
53786
53794
53823
53835
53839
53847
53850
53869
53875
53889
53905
53926
53928
53940
53966
53982
54032
54037
54053
54097
54130
54132
54199
54208
54211
54262
54284
54288
54296
54301
54303
54308
54315
54327
54330
54359
54372
54379
54394
54402
54412
54445
54456
54488
54494
54517
54524
54527
54557
54563
54570
54588
54598
54601
54602
54613
54626
54629
54648
54662
54692
54693
54697
54737
54739
54757
54822
54826
54839
54861
54866
54890
54917
54924
54959
54976
54981
55003
55029
55035
55045
55053
55070
55097
55119
55217
55236
55257
55274
55280
55300
55305
55330
55345
55353
55368
55377
55378
55422
55431
55448
55449
55466
55472
55488
55496
55504
55509
55524
55534
55540
55544
55552
55573
55599
55605
55667
55669
55680
55706
55741
55743
55750
55753
55767
55798
55808
55832
55836
55849
55863
55879
55889
55891
55895
55916
55956
55959
55968
55998
56005
56020
56034
56048
56066
56079
56150
56152
56166
56199
56218
56263
56276
56288
56349
56374
56385
56456
56458
56459
56476
56482
56502
56528
56540
56544
56574
56616
56621
56624
56640
56643
56649
56691
56751
56761
56778
56807
56813
56827
56883
56895
56907
56932
56942
56953
56977
56978
56995
57031
57049
57054
57055
57069
57099
57114
57132
57161
57163
57175
57187
57188
57189
57191
57201
57212
57231
57237
57250
57261
57273
57279
57280
57294
57297
57306
57310
57318
57366
57378
57401
57415
57423
57433
57456
57465
57467
57517
57530
57536
57566
57591
57623
57624
57631
57696
57789
57791
57831
57833
57864
57866
57868
57904
57915
57927
57928
57940
57948
57953
57958
57961
57966
57980
57990
58007
58046
58053
58072
58089
58109
58116
58130
58135
58155
58166
58177
58194
58228
58233
58262
58304
58308
58311
58344
58360
58392
58418
58436
58475
58487
58538
58546
58568
58584
58594
58598
58649
58665
58669
58682
58687
58699
58706
58707
58752
58773
58777
58780
58806
58824
58846
58855
58860
58869
58878
58905
58956
58966
58975
59044
59067
59068
59073
59094
59132
59138
59143
59148
59162
59171
59173
59192
59204
59209
59223
59249
59251
59258
59261
59297
59299
59318
59336
59353
59364
59381
59394
59417
59419
59437
59444
59466
59475
59524
59543
59572
59616
59623
59647
59678
59695
59701
59711
59723
59727
59749
59764
59787
59807
59824
59846
59853
59881
59916
59918
59931
59964
59981
60005
60020
60046
60079
60081
60083
60087
60106
60120
60148
60154
60182
60241
60265
60268
60283
60296
60307
60323
60325
60376
60388
60430
60432
60451
60459
60490
60496
60515
60526
60587
60594
60597
60629
60649
60672
60692
60713
60723
60728
60729
60737
60758
60762
60781
60815
60853
60858
60886
60898
60906
60916
60988
61037
61062
61066
61083
61089
61097
61114
61140
61145
61155
61162
61164
61203
61224
61226
61227
61242
61252
61258
61264
61288
61341
61349
61351
61413
61418
61425
61433
61440
61449
61511
61519
61526
61541
61548
61555
61607
61620
61636
61669
61685
61686
61697
61753
61757
61778
61798
61802
61807
61820
61831
61850
61854
61866
61878
61892
61904
61906
61907
61910
61915
61938
61947
61962
61981
62006
62011
62016
62017
62037
62047
62062
62077
62082
62109
62129
62157
62171
62180
62215
62217
62231
62235
62245
62251
62260
62276
62300
62303
62312
62328
62338
62370
62375
62390
62399
62425
62427
62462
62469
62487
62522
62546
62563
62635
62659
62719
62733
62737
62739
62768
62776
62790
62795
62806
62820
62837
62839
62846
62854
62892
62912
62942
62949
62982
63005
63013
63019
63023
63056
63059
63081
63109
63112
63113
63116
63169
63173
63174
63185
63198
63211
63225
63233
63236
63247
63250
63252
63254
63271
63283
63316
63325
63363
63369
63405
63464
63467
63469
63470
63487
63488
63489
63491
63569
63597
63614
63648
63689
63691
63704
63739
63743
63750
63753
63756
63788
63826
63854
63897
63909
63912
63933
63961
63999
64046
64069
64070
64079
64082
64084
64145
64149
64169
64187
64232
64260
64280
64292
64340
64343
64356
64358
64360
64364
64377
64378
64386
64388
64390
64392
64401
64427
64454
64466
64481
64510
64519
64541
64567
64607
64622
64630
64635
64636
64637
64639
64645
64660
64682
64701
64711
64719
64722
64751
64762
64778
64780
64801
64814
64859
64875
64902
64906
64925
64932
64941
64959
64962
64969
64990
65001
65034
65038
65039
65051
65097
65107
65142
65160
65177
65185
65190
65194
65206
65221
65237
65265
65266
65327
65390
65422
65430
65431
65517
65522
65528
8561
24945
41329
57713
5835
22219
38603
54987
8162
24546
40930
57314
39
49
60
83
94
148
178
236
237
239
245
278
309
340
375
410
499
537
538
588
614
663
684
720
786
791
851
879
905
924
950
951
955
975
988
1052
1059
1085
1110
1156
1230
1312
1318
1562
1566
1579
1612
1746
1753
1769
1816
1821
1845
1904
1915
1933
1951
1995
1999
2176
2185
2187
2213
2240
2265
2360
2491
2505
2523
2526
2531
2566
2592
2658
2693
2711
2714
2741
2751
2781
2828
2839
2932
2940
2950
3034
3044
3077
3165
3166
3176
3189
3204
3224
3266
3311
3335
3386
3392
3393
3473
3474
3573
3582
3610
3695
3778
3815
3828
3838
3878
3898
3938
3954
3979
3986
4023
4098
4160
4170
4202
4239
4318
4324
4365
4382
4389
4401
4451
4465
4470
4483
4487
4514
4588
4608
4617
4647
4684
4722
4732
4755
4791
4813
4828
4838
4878
4935
4946
4970
4979
5022
5040
5061
5121
5269
5301
5371
5383
5428
5429
5519
5532
5630
5664
5935
5946
5981
6017
6020
6024
6096
6138
6139
6142
6187
6227
6289
6338
6375
6433
6456
6477
6481
6519
6534
6537
6551
6572
6578
6581
6626
6693
6700
6742
6752
6781
6824
6835
6848
6952
7016
7030
7042
7051
7053
7145
7156
7174
7183
7203
7211
7224
7241
7373
7396
7455
7492
7560
7581
7588
7622
7654
7706
7771
7782
7784
7816
7823
7864
7914
7921
7941
7950
7996
8032
8074
8082
8161
8193
8208
8216
8260
8324
8340
8346
8362
8377
8443
8516
8568
8590
8643
8658
8698
8706
8719
8837
8879
8888
8935
8999
9000
9018
9030
9031
9047
9086
9132
9134
9150
9216
9245
9312
9368
9389
9471
9520
9546
9616
9639
9652
9734
9738
9790
9801
9820
9880
9908
9919
9924
9946
9948
9960
9997
10035
10073
10087
10129
10250
10289
10301
10302
10305
10368
10386
10442
10508
10509
10569
10642
10669
10700
10847
10913
10940
10960
10985
11017
11033
11061
11121
11163
11179
11188
11249
11289
11332
11334
11390
11469
11575
11600
11668
11707
11741
11753
11843
11860
11965
11987
12026
12031
12053
12084
12182
12193
12227
12235
12236
12241
12277
12295
12327
12331
12336
12341
12399
12419
12428
12433
12486
12551
12572
12598
12610
12617
12631
12671
12712
12720
12746
12760
12991
12995
12997
12999
13002
13056
13064
13092
13263
13320
13359
13360
13383
13426
13438
13473
13476
13527
13535
13562
13610
13670
13681
13693
13779
13820
13865
13900
13911
13951
13993
13997
14005
14025
14028
14039
14140
14267
14306
14471
14485
14493
14524
14526
14544
14554
14556
14559
14566
14571
14648
14704
14706
14749
14778
14796
14803
14837
14848
14912
15006
15039
15088
15097
15104
15160
15174
15201
15211
15224
15228
15280
15352
15357
15365
15402
15422
15446
15468
15475
15486
15547
15563
15569
15588
15676
15768
15786
15816
15842
15850
15970
16006
16023
16036
16105
16146
16176
16231
16246
16283
16336
16423
16433
16444
16467
16478
16532
16562
16620
16621
16623
16629
16662
16693
16724
16759
16794
16883
16921
16922
16972
16998
17047
17068
17104
17170
17175
17235
17263
17289
17308
17334
17335
17339
17359
17372
17436
17443
17469
17494
17540
17614
17696
17702
17946
17950
17963
17996
18130
18137
18153
18200
18205
18229
18288
18299
18317
18335
18379
18383
18560
18569
18571
18597
18624
18649
18744
18875
18889
18907
18910
18915
18950
18976
19042
19077
19095
19098
19125
19135
19165
19212
19223
19316
19324
19334
19418
19428
19461
19549
19550
19560
19573
19588
19608
19650
19695
19719
19770
19776
19777
19857
19858
19957
19966
19994
20079
20162
20199
20212
20222
20262
20282
20322
20338
20363
20370
20407
20482
20544
20554
20586
20623
20702
20708
20749
20766
20773
20785
20835
20849
20854
20867
20871
20898
20972
20992
21001
21031
21068
21106
21116
21139
21175
21197
21212
21222
21262
21319
21330
21354
21363
21406
21424
21445
21505
21653
21685
21755
21767
21812
21813
21903
21916
22014
22048
22319
22330
22365
22401
22404
22408
22480
22522
22523
22526
22571
22611
22673
22722
22759
22817
22840
22861
22865
22903
22918
22921
22935
22956
22962
22965
23010
23077
23084
23126
23136
23165
23208
23219
23232
23336
23400
23414
23426
23435
23437
23529
23540
23558
23567
23587
23595
23608
23625
23757
23780
23839
23876
23944
23965
23972
24006
24038
24090
24155
24166
24168
24200
24207
24248
24298
24305
24325
24334
24380
24416
24458
24466
24545
24577
24592
24600
24644
24708
24724
24730
24746
24761
24827
24900
24952
24974
25027
25042
25082
25090
25103
25221
25263
25272
25319
25383
25384
25402
25414
25415
25431
25470
25516
25518
25534
25600
25629
25696
25752
25773
25855
25904
25930
26000
26023
26036
26118
26122
26174
26185
26204
26264
26292
26303
26308
26330
26332
26344
26381
26419
26457
26471
26513
26634
26673
26685
26686
26689
26752
26770
26826
26892
26893
26953
27026
27053
27084
27231
27297
27324
27344
27369
27401
27417
27445
27505
27547
27563
27572
27633
27673
27716
27718
27774
27853
27959
27984
28052
28091
28125
28137
28227
28244
28349
28371
28410
28415
28437
28468
28566
28577
28611
28619
28620
28625
28661
28679
28711
28715
28720
28725
28783
28803
28812
28817
28870
28935
28956
28982
28994
29001
29015
29055
29096
29104
29130
29144
29375
29379
29381
29383
29386
29440
29448
29476
29647
29704
29743
29744
29767
29810
29822
29857
29860
29911
29919
29946
29994
30054
30065
30077
30163
30204
30249
30284
30295
30335
30377
30381
30389
30409
30412
30423
30524
30651
30690
30855
30869
30877
30908
30910
30928
30938
30940
30943
30950
30955
31032
31088
31090
31133
31162
31180
31187
31221
31232
31296
31390
31423
31472
31481
31488
31544
31558
31585
31595
31608
31612
31664
31736
31741
31749
31786
31806
31830
31852
31859
31870
31931
31947
31953
31972
32060
32152
32170
32200
32226
32234
32354
32390
32407
32420
32489
32530
32560
32615
32630
32667
32720
32807
32817
32828
32851
32862
32916
32946
33004
33005
33007
33013
33046
33077
33108
33143
33178
33267
33305
33306
33356
33382
33431
33452
33488
33554
33559
33619
33647
33673
33692
33718
33719
33723
33743
33756
33820
33827
33853
33878
33924
33998
34080
34086
34330
34334
34347
34380
34514
34521
34537
34584
34589
34613
34672
34683
34701
34719
34763
34767
34944
34953
34955
34981
35008
35033
35128
35259
35273
35291
35294
35299
35334
35360
35426
35461
35479
35482
35509
35519
35549
35596
35607
35700
35708
35718
35802
35812
35845
35933
35934
35944
35957
35972
35992
36034
36079
36103
36154
36160
36161
36241
36242
36341
36350
36378
36463
36546
36583
36596
36606
36646
36666
36706
36722
36747
36754
36791
36866
36928
36938
36970
37007
37086
37092
37133
37150
37157
37169
37219
37233
37238
37251
37255
37282
37356
37376
37385
37415
37452
37490
37500
37523
37559
37581
37596
37606
37646
37703
37714
37738
37747
37790
37808
37829
37889
38037
38069
38139
38151
38196
38197
38287
38300
38398
38432
38703
38714
38749
38785
38788
38792
38864
38906
38907
38910
38955
38995
39057
39106
39143
39201
39224
39245
39249
39287
39302
39305
39319
39340
39346
39349
39394
39461
39468
39510
39520
39549
39592
39603
39616
39720
39784
39798
39810
39819
39821
39913
39924
39942
39951
39971
39979
39992
40009
40141
40164
40223
40260
40328
40349
40356
40390
40422
40474
40539
40550
40552
40584
40591
40632
40682
40689
40709
40718
40764
40800
40842
40850
40929
40961
40976
40984
41028
41092
41108
41114
41130
41145
41211
41284
41336
41358
41411
41426
41466
41474
41487
41605
41647
41656
41703
41767
41768
41786
41798
41799
41815
41854
41900
41902
41918
41984
42013
42080
42136
42157
42239
42288
42314
42384
42407
42420
42502
42506
42558
42569
42588
42648
42676
42687
42692
42714
42716
42728
42765
42803
42841
42855
42897
43018
43057
43069
43070
43073
43136
43154
43210
43276
43277
43337
43410
43437
43468
43615
43681
43708
43728
43753
43785
43801
43829
43889
43931
43947
43956
44017
44057
44100
44102
44158
44237
44343
44368
44436
44475
44509
44521
44611
44628
44733
44755
44794
44799
44821
44852
44950
44961
44995
45003
45004
45009
45045
45063
45095
45099
45104
45109
45167
45187
45196
45201
45254
45319
45340
45366
45378
45385
45399
45439
45480
45488
45514
45528
45759
45763
45765
45767
45770
45824
45832
45860
46031
46088
46127
46128
46151
46194
46206
46241
46244
46295
46303
46330
46378
46438
46449
46461
46547
46588
46633
46668
46679
46719
46761
46765
46773
46793
46796
46807
46908
47035
47074
47239
47253
47261
47292
47294
47312
47322
47324
47327
47334
47339
47416
47472
47474
47517
47546
47564
47571
47605
47616
47680
47774
47807
47856
47865
47872
47928
47942
47969
47979
47992
47996
48048
48120
48125
48133
48170
48190
48214
48236
48243
48254
48315
48331
48337
48356
48444
48536
48554
48584
48610
48618
48738
48774
48791
48804
48873
48914
48944
48999
49014
49051
49104
49191
49201
49212
49235
49246
49300
49330
49388
49389
49391
49397
49430
49461
49492
49527
49562
49651
49689
49690
49740
49766
49815
49836
49872
49938
49943
50003
50031
50057
50076
50102
50103
50107
50127
50140
50204
50211
50237
50262
50308
50382
50464
50470
50714
50718
50731
50764
50898
50905
50921
50968
50973
50997
51056
51067
51085
51103
51147
51151
51328
51337
51339
51365
51392
51417
51512
51643
51657
51675
51678
51683
51718
51744
51810
51845
51863
51866
51893
51903
51933
51980
51991
52084
52092
52102
52186
52196
52229
52317
52318
52328
52341
52356
52376
52418
52463
52487
52538
52544
52545
52625
52626
52725
52734
52762
52847
52930
52967
52980
52990
53030
53050
53090
53106
53131
53138
53175
53250
53312
53322
53354
53391
53470
53476
53517
53534
53541
53553
53603
53617
53622
53635
53639
53666
53740
53760
53769
53799
53836
53874
53884
53907
53943
53965
53980
53990
54030
54087
54098
54122
54131
54174
54192
54213
54273
54421
54453
54523
54535
54580
54581
54671
54684
54782
54816
55087
55098
55133
55169
55172
55176
55248
55290
55291
55294
55339
55379
55441
55490
55527
55585
55608
55629
55633
55671
55686
55689
55703
55724
55730
55733
55778
55845
55852
55894
55904
55933
55976
55987
56000
56104
56168
56182
56194
56203
56205
56297
56308
56326
56335
56355
56363
56376
56393
56525
56548
56607
56644
56712
56733
56740
56774
56806
56858
56923
56934
56936
56968
56975
57016
57066
57073
57093
57102
57148
57184
57226
57234
57313
57345
57360
57368
57412
57476
57492
57498
57514
57529
57595
57668
57720
57742
57795
57810
57850
57858
57871
57989
58031
58040
58087
58151
58152
58170
58182
58183
58199
58238
58284
58286
58302
58368
58397
58464
58520
58541
58623
58672
58698
58768
58791
58804
58886
58890
58942
58953
58972
59032
59060
59071
59076
59098
59100
59112
59149
59187
59225
59239
59281
59402
59441
59453
59454
59457
59520
59538
59594
59660
59661
59721
59794
59821
59852
59999
60065
60092
60112
60137
60169
60185
60213
60273
60315
60331
60340
60401
60441
60484
60486
60542
60621
60727
60752
60820
60859
60893
60905
60995
61012
61117
61139
61178
61183
61205
61236
61334
61345
61379
61387
61388
61393
61429
61447
61479
61483
61488
61493
61551
61571
61580
61585
61638
61703
61724
61750
61762
61769
61783
61823
61864
61872
61898
61912
62143
62147
62149
62151
62154
62208
62216
62244
62415
62472
62511
62512
62535
62578
62590
62625
62628
62679
62687
62714
62762
62822
62833
62845
62931
62972
63017
63052
63063
63103
63145
63149
63157
63177
63180
63191
63292
63419
63458
63623
63637
63645
63676
63678
63696
63706
63708
63711
63718
63723
63800
63856
63858
63901
63930
63948
63955
63989
64000
64064
64158
64191
64240
64249
64256
64312
64326
64353
64363
64376
64380
64432
64504
64509
64517
64554
64574
64598
64620
64627
64638
64699
64715
64721
64740
64828
64920
64938
64968
64994
65002
65122
65158
65175
65188
65257
65298
65328
65383
65398
65435
65488
10012
26396
42780
59164
118
264
453
578
603
693
695
719
722
844
869
870
882
934
1057
1102
1163
1231
1285
1288
1297
1325
1342
1391
1392
1480
1663
1670
1702
1722
1810
1829
1832
1835
1901
1906
1963
1973
2140
2146
2198
2358
2408
2456
2481
2584
2665
2736
2827
2859
3010
3012
3075
3080
3103
3127
3225
3247
3341
3359
3360
3466
3486
3488
3547
3554
3591
3770
3802
3804
3807
3829
3909
3972
4036
4043
4079
4199
4224
4379
4477
4626
4707
4771
4808
4858
4898
4924
4927
4928
5010
5065
5067
5079
5094
5199
5203
5211
5272
5338
5432
5443
5465
5487
5524
5631
5679
5700
5758
5845
5907
5992
6038
6081
6140
6152
6286
6301
6373
6576
6715
6749
6761
6948
7032
7123
7167
7209
7214
7357
7415
7424
7458
7505
7659
7709
7935
7961
8051
8100
8215
8282
8350
8428
8451
8491
8582
8683
8792
8887
8976
9075
9151
9164
9181
9198
9254
9325
9346
9362
9377
9395
9575
9610
9647
9736
9742
10001
10014
10049
10100
10183
10208
10279
10296
10328
10341
10397
10470
10494
10496
10503
10527
10793
10858
10888
10910
11025
11026
11077
11233
11391
11398
11450
11484
11543
11692
11769
11790
11795
11845
11861
11881
11888
12306
12377
12388
12436
12566
12739
12766
13003
13067
13114
13172
13219
13236
13400
13409
13428
13441
13461
13533
13805
13884
13973
14013
14036
14037
14136
14329
14408
14451
14498
14798
14815
14884
15033
15120
15144
15353
15387
15411
15554
15615
15673
15704
15860
15890
15897
15950
16009
16037
16087
16089
16156
16201
16224
16298
16360
16502
16648
16837
16962
16987
17077
17079
17103
17106
17228
17253
17254
17266
17318
17441
17486
17547
17615
17669
17672
17681
17709
17726
17775
17776
17864
18047
18054
18086
18106
18194
18213
18216
18219
18285
18290
18347
18357
18524
18530
18582
18742
18792
18840
18865
18968
19049
19120
19211
19243
19394
19396
19459
19464
19487
19511
19609
19631
19725
19743
19744
19850
19870
19872
19931
19938
19975
20154
20186
20188
20191
20213
20293
20356
20420
20427
20463
20583
20608
20763
20861
21010
21091
21155
21192
21242
21282
21308
21311
21312
21394
21449
21451
21463
21478
21583
21587
21595
21656
21722
21816
21827
21849
21871
21908
22015
22063
22084
22142
22229
22291
22376
22422
22465
22524
22536
22670
22685
22757
22960
23099
23133
23145
23332
23416
23507
23551
23593
23598
23741
23799
23808
23842
23889
24043
24093
24319
24345
24435
24484
24599
24666
24734
24812
24835
24875
24966
25067
25176
25271
25360
25459
25535
25548
25565
25582
25638
25709
25730
25746
25761
25779
25959
25994
26031
26120
26126
26385
26398
26433
26484
26567
26592
26663
26680
26712
26725
26781
26854
26878
26880
26887
26911
27177
27242
27272
27294
27409
27410
27461
27617
27775
27782
27834
27868
27927
28076
28153
28174
28179
28229
28245
28265
28272
28690
28761
28772
28820
28950
29123
29150
29387
29451
29498
29556
29603
29620
29784
29793
29812
29825
29845
29917
30189
30268
30357
30397
30420
30421
30520
30713
30792
30835
30882
31182
31199
31268
31417
31504
31528
31737
31771
31795
31938
31999
32057
32088
32244
32274
32281
32334
32393
32421
32471
32473
32540
32585
32608
32682
32744
32886
33032
33221
33346
33371
33461
33463
33487
33490
33612
33637
33638
33650
33702
33825
33870
33931
33999
34053
34056
34065
34093
34110
34159
34160
34248
34431
34438
34470
34490
34578
34597
34600
34603
34669
34674
34731
34741
34908
34914
34966
35126
35176
35224
35249
35352
35433
35504
35595
35627
35778
35780
35843
35848
35871
35895
35993
36015
36109
36127
36128
36234
36254
36256
36315
36322
36359
36538
36570
36572
36575
36597
36677
36740
36804
36811
36847
36967
36992
37147
37245
37394
37475
37539
37576
37626
37666
37692
37695
37696
37778
37833
37835
37847
37862
37967
37971
37979
38040
38106
38200
38211
38233
38255
38292
38399
38447
38468
38526
38613
38675
38760
38806
38849
38908
38920
39054
39069
39141
39344
39483
39517
39529
39716
39800
39891
39935
39977
39982
40125
40183
40192
40226
40273
40427
40477
40703
40729
40819
40868
40983
41050
41118
41196
41219
41259
41350
41451
41560
41655
41744
41843
41919
41932
41949
41966
42022
42093
42114
42130
42145
42163
42343
42378
42415
42504
42510
42769
42782
42817
42868
42951
42976
43047
43064
43096
43109
43165
43238
43262
43264
43271
43295
43561
43626
43656
43678
43793
43794
43845
44001
44159
44166
44218
44252
44311
44460
44537
44558
44563
44613
44629
44649
44656
45074
45145
45156
45204
45334
45507
45534
45771
45835
45882
45940
45987
46004
46168
46177
46196
46209
46229
46301
46573
46652
46741
46781
46804
46805
46904
47097
47176
47219
47266
47566
47583
47652
47801
47888
47912
48121
48155
48179
48322
48383
48441
48472
48628
48658
48665
48718
48777
48805
48855
48857
48924
48969
48992
49066
49128
49270
49416
49605
49730
49755
49845
49847
49871
49874
49996
50021
50022
50034
50086
50209
50254
50315
50383
50437
50440
50449
50477
50494
50543
50544
50632
50815
50822
50854
50874
50962
50981
50984
50987
51053
51058
51115
51125
51292
51298
51350
51510
51560
51608
51633
51736
51817
51888
51979
52011
52162
52164
52227
52232
52255
52279
52377
52399
52493
52511
52512
52618
52638
52640
52699
52706
52743
52922
52954
52956
52959
52981
53061
53124
53188
53195
53231
53351
53376
53531
53629
53778
53859
53923
53960
54010
54050
54076
54079
54080
54162
54217
54219
54231
54246
54351
54355
54363
54424
54490
54584
54595
54617
54639
54676
54783
54831
54852
54910
54997
55059
55144
55190
55233
55292
55304
55438
55453
55525
55728
55867
55901
55913
56100
56184
56275
56319
56361
56366
56509
56567
56576
56610
56657
56811
56861
57087
57113
57203
57252
57367
57434
57502
57580
57603
57643
57734
57835
57944
58039
58128
58227
58303
58316
58333
58350
58406
58477
58498
58514
58529
58547
58727
58762
58799
58888
58894
59153
59166
59201
59252
59335
59360
59431
59448
59480
59493
59549
59622
59646
59648
59655
59679
59945
60010
60040
60062
60177
60178
60229
60385
60543
60550
60602
60636
60695
60844
60921
60942
60947
60997
61013
61033
61040
61458
61529
61540
61588
61718
61891
61918
62155
62219
62266
62324
62371
62388
62552
62561
62580
62593
62613
62685
62957
63036
63125
63165
63188
63189
63288
63481
63560
63603
63650
63950
63967
64036
64185
64272
64296
64505
64539
64563
64706
64767
64825
64856
65012
65042
65049
65102
65161
65189
65239
65241
65308
65353
65376
65450
65512
258
282
286
368
484
525
562
647
655
721
858
963
1077
1488
1521
1569
1609
2092
2144
2153
2195
2222
2236
2284
2342
2402
2417
2422
2662
2717
2956
3041
3229
3237
3255
3290
3469
3507
3809
3851
3903
3904
3999
4040
4072
4329
4390
4727
4769
4836
4956
5424
5448
5753
5769
5914
5997
6069
6093
6482
6561
6654
6664
7210
7328
7374
7656
7789
7844
7948
8126
8159
8186
8659
8701
8711
8857
8859
8972
9209
9279
9376
9549
9765
9782
10714
10840
10989
11019
11127
11282
11351
11527
11767
11794
11882
11944
12058
12086
12099
12149
12166
12194
12202
12228
12356
12642
12914
13068
13080
13284
13328
13364
13489
13591
13645
13650
13934
14379
14400
14722
14743
14754
14755
14915
15010
15020
15354
15465
15515
15537
15641
15721
15809
15915
15919
16232
16234
16323
16642
16666
16670
16752
16868
16909
16946
17031
17039
17105
17242
17347
17461
17872
17905
17953
17993
18476
18528
18537
18579
18606
18620
18668
18726
18786
18801
18806
19046
19101
19340
19425
19613
19621
19639
19674
19853
19891
20193
20235
20287
20288
20383
20424
20456
20713
20774
21111
21153
21220
21340
21808
21832
22137
22153
22298
22381
22453
22477
22866
22945
23038
23048
23594
23712
23758
24040
24173
24228
24332
24510
24543
24570
25043
25085
25095
25241
25243
25356
25593
25663
25760
25933
26149
26166
27098
27224
27373
27403
27511
27666
27735
27911
28151
28178
28266
28328
28442
28470
28483
28533
28550
28578
28586
28612
28740
29026
29298
29452
29464
29668
29712
29748
29873
29975
30029
30034
30318
30763
30784
31106
31127
31138
31139
31299
31394
31404
31738
31849
31899
31921
32025
32105
32193
32299
32303
32616
32618
32707
33026
33050
33054
33136
33252
33293
33330
33415
33423
33489
33626
33731
33845
34256
34289
34337
34377
34860
34912
34921
34963
34990
35004
35052
35110
35170
35185
35190
35430
35485
35724
35809
35997
36005
36023
36058
36237
36275
36577
36619
36671
36672
36767
36808
36840
37097
37158
37495
37537
37604
37724
38192
38216
38521
38537
38682
38765
38837
38861
39250
39329
39422
39432
39978
40096
40142
40424
40557
40612
40716
40894
40927
40954
41427
41469
41479
41625
41627
41740
41977
42047
42144
42317
42533
42550
43482
43608
43757
43787
43895
44050
44119
44295
44535
44562
44650
44712
44826
44854
44867
44917
44934
44962
44970
44996
45124
45410
45682
45836
45848
46052
46096
46132
46257
46359
46413
46418
46702
47147
47168
47490
47511
47522
47523
47683
47778
47788
48122
48233
48283
48305
48409
48489
48577
48683
48687
49000
49002
49091
49410
49434
49438
49520
49636
49677
49714
49799
49807
49873
50010
50115
50229
50640
50673
50721
50761
51244
51296
51305
51347
51374
51388
51436
51494
51554
51569
51574
51814
51869
52108
52193
52381
52389
52407
52442
52621
52659
52961
53003
53055
53056
53151
53192
53224
53481
53542
53879
53921
53988
54108
54576
54600
54905
54921
55066
55149
55221
55245
55634
55713
55806
55816
56362
56480
56526
56808
56941
56996
57100
57278
57311
57338
57811
57853
57863
58009
58011
58124
58361
58431
58528
58701
58917
58934
59866
59992
60141
60171
60279
60434
60503
60679
60919
60946
61034
61096
61210
61238
61251
61301
61318
61346
61354
61380
61508
61794
62066
62220
62232
62436
62480
62516
62641
62743
62797
62802
63086
63531
63552
63874
63895
63906
63907
64067
64162
64172
64506
64617
64667
64689
64793
64873
64961
65067
65071
65384
65386
65475
424
896
1019
1061
1316
1487
1647
1944
1988
2149
2242
3484
3964
4116
4133
4873
5165
5794
5812
6009
6268
6379
6486
6839
7021
7283
7347
7802
7932
7998
8183
8734
8747
8791
8841
8852
8942
9433
9444
10048
10101
10178
10226
10578
10969
10988
11438
11709
11777
11779
11873
11927
12282
12449
12584
12737
12858
12869
13313
13583
13595
13908
14074
14149
14547
14764
15219
15299
15300
15463
15477
15688
15867
15988
16053
16230
16295
16364
16808
17280
17403
17445
17700
17871
18031
18328
18372
18533
18626
19868
20348
20500
20517
21257
21549
22178
22196
22393
22652
22763
22870
23223
23405
23667
23731
24186
24316
24382
24567
25118
25131
25175
25225
25236
25326
25817
25828
26432
26485
26562
26610
26962
27353
27372
27822
28093
28161
28163
28257
28311
28666
28833
28968
29121
29242
29253
29697
29967
29979
30292
30458
30533
30931
31148
31603
31683
31684
31847
31861
32072
32251
32372
32437
32614
32679
32748
33192
33664
33787
33829
34084
34255
34415
34712
34756
34917
35010
36252
36732
36884
36901
37641
37933
38562
38580
38777
39036
39147
39254
39607
39789
40051
40115
40570
40700
40766
40951
41502
41515
41559
41609
41620
41710
42201
42212
42816
42869
42946
42994
43346
43737
43756
44206
44477
44545
44547
44641
44695
45050
45217
45352
45505
45626
45637
46081
46351
46363
46676
46842
46917
47315
47532
47987
48067
48068
48231
48245
48456
48635
48756
48821
48998
49063
49132
49576
50048
50171
50213
50468
50639
50799
51096
51140
51301
51394
52636
53116
53268
53285
54025
54317
54946
54964
55161
55420
55531
55638
55991
56173
56435
56499
56954
57084
57150
57335
57886
57899
57943
57993
58004
58094
58585
58596
59200
59253
59330
59378
59730
60121
60140
60590
60861
60929
60931
61025
61079
61434
61601
61736
61889
62010
62021
62465
62735
62747
63060
63226
63301
63699
63916
64371
64451
64452
64615
64629
64840
65019
65140
65205
65382
65447
65516
19
581
744
1243
1345
2194
2275
3406
3976
4182
4229
4664
6650
6786
7138
7869
8628
9038
9894
10355
10677
11175
11250
11259
11998
12590
12691
12753
12807
12835
13190
13283
13326
13931
14522
14826
15137
15491
15504
16045
16351
16403
16965
17128
17627
17729
18578
18659
19790
20360
20566
20613
21048
23034
23170
23522
24253
25012
25422
26278
26739
27061
27559
27634
27643
28382
28974
29075
29137
29191
29219
29574
29667
29710
30315
30906
31210
31521
31875
31888
32429
32735
32787
33349
33512
34011
34113
34962
35043
36174
36744
36950
36997
37432
39418
39554
39906
40637
41396
41806
42662
43123
43445
43943
44018
44027
44766
45358
45459
45521
45575
45603
45958
46051
46094
46699
47290
47594
47905
48259
48272
48813
49119
49171
49733
49896
50395
50497
51346
51427
52558
53128
53334
53381
53816
55802
55938
56290
57021
57780
58190
59046
59507
59829
60327
60402
60411
61150
61742
61843
61905
61959
61987
62342
62435
62478
63083
63674
63978
64289
64643
64656
65197
65503
2815
3078
3682
4523
4580
4809
5180
5721
6061
6424
6545
8341
8418
8629
8654
9105
10116
10980
12211
13327
13682
13741
13742
14714
14986
15141
19199
19462
20066
20907
20964
21193
21564
22105
22445
22808
22929
24725
24802
25013
25038
25489
26500
27364
28595
29711
30066
30125
30126
31098
31370
31525
35583
35846
36450
37291
37348
37577
37948
38489
38829
39192
39313
41109
41186
41397
41422
41873
42884
43748
44979
46095
46450
46509
46510
47482
47754
47909
51967
52230
52834
53675
53732
53961
54332
54873
55213
55576
55697
57493
57570
57781
57806
58257
59268
60132
61363
62479
62834
62893
62894
63866
64138
64293
1358
3866
5344
6351
6488
6772
6937
7387
9313
10922
10967
17742
20250
21728
22735
22872
23156
23321
23771
25697
27306
27351
34126
36634
38112
39119
39256
39540
39705
40155
42081
43690
43735
50510
53018
54496
55503
55640
55924
56089
56539
58465
60074
60119
856
3137
7196
11967
13909
17240
19521
23580
28351
30293
33624
35905
39964
44735
46677
50008
52289
56348
61119
63061
1745
3571
6293
7397
8839
13347
18129
19955
22677
23781
25223
29731
34513
36339
39061
40165
41607
46115
50897
52723
55445
56549
57991
62499
10863
13225
27247
29609
43631
45993
60015
62377
10047
26431
42815
59199
15876
32260
48644
65028
7323
23707
40091
56475
