206
71 -644
168 -720
461 -840
492 660
645 -668
736 -896
749 -680
783 760
799 632
1025 -740
1110 -708
1157 812
1169 680
1271 -716
1282 -632
1341 -820
1570 696
1906 -632
1988 652
2173 888
2275 -652
3280 664
3283 736
3328 636
3570 864
3649 716
3828 -632
4193 -828
4197 -632
4450 672
4797 868
4861 -680
5279 632
6019 -756
6140 -644
6172 -808
6213 656
6559 672
6694 632
6810 -680
6864 -632
6901 768
7016 -672
7040 672
7221 632
7364 932
7537 -668
7712 -660
8146 -748
8229 -664
8418 644
8653 -692
8689 -696
8722 -632
8756 656
8871 676
8911 -720
9060 752
9079 -680
9100 -856
9149 692
9588 -792
9679 724
9954 788
10306 640
10376 -812
10383 -696
10819 784
10860 724
11081 -656
11173 732
11220 724
11412 636
11520 -664
11573 -736
11583 -828
12230 -804
12282 -832
12338 -652
12517 -680
12697 -652
13054 -668
13131 -684
13201 -776
13229 1060
13353 -704
13360 -636
13369 640
13381 -664
13570 -652
13680 -692
14036 -820
14118 -644
14173 672
14461 668
14989 -672
15334 -672
15578 632
15679 796
15807 -736
16075 640
16193 -900
16209 652
16452 -692
16647 -700
16778 656
16791 -672
16817 696
16818 -712
16822 -700
16827 -684
16876 -692
16920 -640
17311 732
17670 -636
17774 632
17776 -824
17840 -744
18097 -668
18601 -692
18689 676
18788 640
19223 -656
19230 -692
19314 -644
19496 936
19579 -812
19607 -640
19613 -780
19721 784
19903 732
20056 -688
20303 -648
20529 784
20628 732
20732 -936
20810 632
20932 732
21299 724
21492 656
21673 -696
21791 -824
21841 668
21860 -684
21896 696
21909 672
22426 744
22443 740
22450 760
22524 676
22536 676
22574 668
22600 -896
22741 676
22903 632
23177 -640
23286 664
23339 756
23811 -636
23973 760
24277 668
24494 -652
24579 -640
24610 -732
24798 656
24886 868
24970 668
25134 748
25160 -704
25163 -704
25244 796
25548 -828
25575 652
25961 664
26186 -688
26273 728
26455 -660
26545 876
26800 -724
26809 -664
26837 720
26871 -796
27162 760
27247 636
27327 668
27711 -648
28330 640
28550 664
28877 704
29387 -708
29400 -764
29535 648
29678 -640
29701 684
29835 -832
30004 732
30425 -644
30608 736
31192 828
31334 -704
31467 644
31477 820
31478 796
32288 672
32382 644
32597 -712
