204
4185 3484
5552 3716
10885 4048
12542 -3696
18085 3488
20586 3460
20737 -3592
20758 3536
21843 3436
23561 -3820
24422 -3720
26515 -3440
26689 3816
29726 3968
30563 -4408
30944 3732
32918 -3760
33107 -3532
35483 3568
40368 -3496
44769 -3904
47459 -3492
49324 3480
54367 -3736
55026 -3660
59355 -3572
61385 -3752
61945 3632
63216 3672
64744 -3472
70089 -4064
75295 3536
77550 3712
77644 -3512
79458 -3552
80838 -3932
82035 3872
83028 -3588
83677 -3516
86324 -3688
87688 -3484
98802 3760
100998 -3768
109682 3932
110842 -3520
113056 -3520
116650 3436
117021 3756
117592 -3444
118361 3544
121580 3564
121659 -3924
126468 3932
129910 3684
135904 -3772
138611 -3660
138917 -3568
139377 3476
139964 3640
140182 -3572
143860 -3456
144250 -3540
145529 4356
146750 -3556
147567 3756
149866 -3596
157076 4100
160818 -3528
161285 -3876
163547 3984
164280 3836
172506 3608
172745 3548
177298 4172
179366 -3444
180961 4484
181020 3508
185459 3864
185598 3936
187132 -3668
188272 3464
189035 -3700
190345 3556
196484 3648
198209 3760
198510 -4192
204633 3480
206925 3652
207171 -3788
209413 -3760
210498 3444
210600 -3632
211533 3592
213951 3588
219118 -3448
221251 3444
223855 -3708
225577 3560
230593 3700
234822 -3520
249640 -4420
250045 3792
253307 3596
255821 -3596
258246 3872
258843 -3508
260348 3884
260395 3724
262873 -3568
268254 3528
272159 3560
274941 -3456
275633 -3520
276513 3448
276719 3544
281430 3800
282169 -3632
285213 3660
286576 -3644
288079 -3436
292303 -3656
294881 4000
306250 3492
308023 -3804
308853 -3600
312129 3508
319855 3528
323774 -4036
325188 -3688
326300 -3496
328308 3984
328641 -3712
329342 -3472
329577 -3468
331594 -3500
335442 -3940
336803 4060
339798 3528
347186 -3628
347876 -3588
350101 -3580
356563 -3972
358975 -3488
361964 -3764
362056 -3484
363847 -3808
366186 -3780
367111 3856
367223 3436
369559 3464
369597 -4360
369864 -3616
377483 -3604
378404 3444
380875 3880
381237 3592
381719 -4236
392600 -3444
393646 -3444
394525 3452
396012 -3940
396076 -3444
397094 -3716
403187 3656
408630 3684
418099 -3480
419572 -3488
428457 3436
437174 -3540
438849 -3964
440112 3628
441899 3668
442654 3436
452593 -3588
458353 -3628
458680 -4404
463106 4332
463553 -3608
465708 -3844
467512 3772
467671 3756
468613 -4352
469190 3460
470037 -3460
470095 -3464
471040 4180
471710 -3828
475953 -3496
477286 3888
482472 -3520
483724 3508
485658 -3440
487630 3592
488700 3444
492302 -3552
496307 -4232
496591 -3956
496962 -3496
497609 3472
502103 4012
506620 -3872
509450 3468
511494 3520
512190 -3492
