204
119 -1624
378 1572
627 -1636
1552 -1528
2737 -1844
4259 -1676
4342 1580
5563 2180
5660 1552
6042 -1532
6705 -1548
7561 1540
8588 -1540
8820 1616
11516 1640
13895 1524
14785 1904
15041 -1640
15263 1512
15698 1772
16119 1708
16253 1660
16463 -1532
17884 1540
18303 1900
21217 1848
21220 -1596
21638 1552
22270 1548
22741 1816
23836 1524
24294 1724
25233 1564
25897 1900
26404 1592
26628 -1516
26738 1580
26739 2000
27170 -1524
28485 -1564
29915 -1512
30211 -1536
31089 -1540
31823 1672
32179 -1704
32850 1560
33361 1532
33496 1648
33662 -1700
34873 -1676
34886 1676
36989 -1776
39096 1544
39402 -1532
39631 -1896
39659 1800
40235 1576
40816 -1588
41734 -1584
41969 -1608
42091 -1924
42600 -1576
42897 -1748
43086 -1516
43619 -1976
44078 -1600
44833 -1540
44885 -1576
46445 -1544
46954 1524
49552 1824
50780 -1876
51027 -1828
51626 1748
52219 -1536
53520 -1712
53571 1524
54954 -1908
55039 1588
55286 1544
57185 -1872
58449 1596
58622 1572
59269 1796
59732 1576
60605 1516
60976 1876
61493 -1620
61902 1796
62129 1596
62432 -1792
63569 1564
63600 -1520
63652 1568
64125 1852
64798 1640
66042 2084
66620 1556
66631 -1676
67098 1524
67394 1624
68163 1548
68853 -1512
69466 2328
70178 1636
71112 -1564
72266 -1520
72396 1648
73128 1628
73734 1672
73852 -1724
74380 1584
74863 -1620
75186 1528
75363 1812
75726 -1908
76228 -1564
76811 -1588
77611 -1684
77955 -1540
78068 -1656
80158 -1592
80200 -1520
80908 -1632
81137 1736
81187 -1520
81907 -1548
82500 1512
83110 1608
83243 -1624
84261 1628
84946 1720
85181 1672
85313 1656
86712 -1704
86932 -1616
87083 -1536
87297 1532
87437 1900
87770 -1584
87812 -1540
87970 -1860
88031 -1816
88060 -1544
88452 1648
88838 1548
89054 1696
89159 -1524
91176 -1984
92164 -1592
93044 -1652
94798 1704
97566 -1568
98106 -1628
98830 1544
98950 -1592
100290 -1752
102643 1648
102866 1616
103073 -1564
103328 -1516
103388 -1628
104297 1916
104519 -1584
106025 -1592
107983 1728
108132 -1664
108367 1776
108654 1896
108725 -1572
108823 -1600
109161 1516
109341 -1668
110196 1692
110972 1712
111186 -1616
112358 1540
114922 -1660
115273 1548
115848 1548
116083 -1588
116741 1596
117107 1616
117720 1796
118116 -1536
118248 1672
122043 -1772
123846 -1540
124066 1680
124591 1812
124671 -1560
125396 1528
126096 -1536
126311 1636
127124 1512
127293 1720
127672 -1536
128214 -1736
128728 -1764
128978 -1672
129661 1536
130634 -1840
130786 -1832
131044 1800
