208
29 -544
31 -484
165 -560
292 -508
375 -408
376 -548
660 416
691 -416
765 -476
777 444
791 568
867 -460
944 476
1004 -404
1025 -456
1216 412
1358 532
1403 408
1501 -428
1515 -452
1660 -408
1752 -416
1881 460
1901 -472
1969 404
1995 -484
2092 412
2134 -500
2146 -472
2183 -408
2185 492
2197 -436
2353 428
2372 448
2588 444
2641 -444
2665 488
2707 452
2831 -520
2859 -412
2980 -404
3505 -488
3540 -604
3805 408
3855 -416
3960 -448
3968 -432
4062 -492
4121 -416
4171 -436
4181 -552
4211 -464
4233 460
4512 -448
4803 -412
4854 -624
4919 452
4982 -468
5034 512
5069 472
5084 -512
5232 452
5269 -404
5274 -416
5381 -432
5634 -440
5684 504
5861 588
5929 -448
5966 -424
6032 -424
6225 -416
6239 -452
6245 -420
6328 -448
6353 412
6400 -440
6456 404
6483 428
6523 -424
6682 416
6740 404
6944 -440
7026 428
7208 444
7327 -440
7360 404
7378 448
7439 -468
7619 -472
7755 416
7818 452
7880 -552
7958 432
8125 404
8175 -512
8178 -408
8269 -412
8356 420
8402 -444
8438 -456
8463 -576
8500 424
8588 424
8606 428
8635 448
8696 404
8731 -676
8752 -460
8765 -404
8969 -440
9097 436
9215 436
9508 -544
9664 456
9722 -480
9749 424
9772 476
9776 412
9837 -484
9863 -432
9865 -508
9953 -432
9970 -500
10172 -528
10239 412
10290 484
10351 -468
10466 464
10593 -480
10810 -504
10892 -412
10893 -428
10923 452
10958 -448
10960 -452
10996 -424
11219 -416
11239 -460
11258 -508
11291 424
11314 -404
11443 -448
11489 -420
11540 524
11543 440
11609 -412
11610 -416
11628 -408
11775 440
11779 -404
11947 460
12063 476
12072 -404
12151 440
12321 -408
12401 528
12438 436
12441 -576
12486 436
12589 488
12669 -520
12721 572
12723 416
12853 -524
12921 412
12945 -452
12947 408
13006 -424
13044 416
13075 460
13134 596
13225 488
13288 416
13304 -480
13381 436
13420 -424
13425 464
13500 644
13618 452
13706 -548
13771 428
13900 568
14031 -424
14197 604
14208 -492
14365 508
14366 440
14400 556
14558 -428
15112 456
15125 -496
15195 420
15213 -404
15231 -408
15266 468
15279 -428
15347 460
15397 -448
15463 -404
15545 428
15747 -516
15861 492
15898 452
15961 -552
15968 532
16242 -512
16280 -556
