212
427 -428
514 452
639 -472
662 512
765 -512
795 480
804 484
862 -512
910 -416
927 444
936 480
972 -400
1038 456
1093 404
1224 -532
1238 -488
1303 -428
1336 424
1380 -428
1601 -504
1694 456
1696 -416
1733 -484
1977 428
1986 -476
1989 -436
2117 -600
2163 -512
2187 444
2534 -528
2542 -504
2578 -472
2736 412
2842 -408
2896 -408
2969 460
3072 408
3089 452
3121 400
3250 468
3270 -516
3385 -400
3394 -440
3404 420
3452 -536
3500 -400
3521 420
3588 412
3612 -404
3637 -460
3663 -472
3804 412
3991 496
4009 488
4030 -456
4076 -488
4415 400
4436 -400
4474 432
4569 496
4627 424
4750 400
4900 404
4908 -460
4950 -464
4993 -432
5220 428
5416 456
5669 400
5683 -404
5720 -548
5750 452
5827 432
5891 -400
5907 -400
5949 -448
5990 -476
5993 460
6073 452
6306 -404
6315 424
6331 432
6400 416
6401 420
6466 -400
6589 -420
6599 -400
6885 404
6917 496
7086 528
7385 -516
7449 524
7523 688
7700 -532
7767 -488
7793 -504
7885 456
7946 -416
7973 -428
8111 -412
8157 400
8421 412
8577 -452
8593 572
8632 412
8770 -408
8779 484
8985 -468
9069 -420
9107 500
9108 516
9109 -400
9146 492
9235 -412
9318 520
9445 -452
9625 -412
9716 -512
9883 -444
9898 -404
9906 -460
9908 -456
9927 -528
10061 -456
10074 -440
10100 -440
10123 580
10414 444
10609 -516
10678 -580
10690 468
10733 -472
10740 -700
11023 -444
11156 -552
11241 -452
11262 540
11522 -428
11539 -400
11657 -560
11732 400
11851 432
11882 416
11931 504
11941 -432
12130 -416
12317 -472
12359 -440
12401 -536
12431 -584
12470 400
12525 468
12602 -468
12604 -424
12616 408
12697 420
12705 -440
12772 -488
12808 -400
12823 -416
13006 420
13014 -404
13095 412
13149 600
13303 -420
13494 -560
13495 -412
13533 -416
13540 -408
13579 -420
13605 -404
13654 404
13656 432
13898 440
14033 468
14065 -472
14165 -424
14235 404
14388 -652
14486 -480
14595 488
14596 -496
14604 456
14696 432
14761 -548
14946 400
14955 -532
15118 -456
15129 -400
15150 524
15226 520
15336 -472
15378 -404
15412 -652
15441 480
15446 424
15486 476
15519 -484
15536 400
15571 416
15645 492
15695 -532
15905 -460
15963 408
16050 440
16079 468
16088 -404
16134 424
16145 -400
16195 -504
16218 -444
16291 -436
