202
3441 3564
5396 3500
7315 3664
7872 -3680
14692 3888
17524 -3524
21171 4032
23412 -3584
24997 -3512
25865 3488
27933 -3608
28398 -3976
28900 3808
29669 3588
30642 -3640
31065 -3504
46199 -3628
50906 -4040
52702 -3792
54768 3460
63754 -3588
64585 3660
65639 3500
65979 -3688
68850 -3936
73289 3816
80860 -3780
86118 -3660
87282 3872
89451 3556
90469 -3748
90472 -3608
90971 -3476
91102 -3548
91493 3668
92363 4336
97001 3872
97077 3700
98093 3992
98215 -3868
100913 -3460
100977 -3760
103321 3508
106835 3816
113851 -3556
115640 3508
117088 3872
117626 3476
119874 3956
121711 3692
122129 -3632
123428 -3640
123766 -4300
124811 3596
125902 -3620
125989 -3464
129668 3556
133841 3704
141299 -3696
142182 3484
146928 3576
148346 3680
149227 -3524
156127 4196
156390 4012
159852 3520
160667 3884
160795 3548
161324 -3516
161780 3468
169865 -3488
173560 4300
181241 -3456
182138 -3572
189567 -3864
195743 3720
195769 3852
197106 4200
199461 -4096
199738 3628
204445 3476
207702 3844
210737 -3540
214012 -3596
214601 3516
217842 -3468
227082 3528
231460 -3528
234153 3736
237629 -3608
241735 3640
242498 3648
242632 3996
245473 3496
248119 3840
248495 -3900
250664 3576
253641 -3620
255563 3500
255910 3508
258524 4028
258762 -3560
259404 -3532
262923 3756
262967 4028
266182 4208
266556 3668
268481 3520
271280 3648
272111 -3528
276256 -3624
285321 -3548
286664 3476
291383 -3468
294971 3504
298294 3456
299305 4160
304658 3596
304855 3888
305810 3680
305832 -3516
308900 3744
316274 -3744
319597 -3624
325613 3664
327548 4384
329154 -3464
329244 3548
330037 -3496
336802 3608
337153 -3612
337155 3548
337321 4000
338433 4280
345584 -4180
348395 3508
350480 4220
352861 3652
354310 3484
357195 3560
357281 3520
360847 -3492
362267 -4096
369165 -3488
369351 3504
371044 3840
373539 -3632
375378 -3476
381743 3784
384353 -3648
384570 -3700
385239 -3660
386452 3612
389723 3500
391804 3944
392796 3696
393027 3508
393298 -3844
393425 3496
394141 3652
395491 -3996
397740 3584
398408 3576
398969 -3628
404482 3648
407959 3576
412255 -3488
413408 3460
418942 -3556
423694 -3576
426593 -3508
426896 -3620
426941 -3592
429721 3976
432347 3548
447280 -4264
449335 -3500
449779 -3548
452179 3556
458354 -3668
465176 -3496
466023 3592
474805 -3600
476112 3496
481830 3548
485554 -3508
486226 3520
488404 -4152
488415 -3720
492383 -3468
497071 3752
497392 -3456
500481 -3900
505312 3588
505644 -3784
509146 -3456
509836 3944
509846 3484
517053 -4032
517115 -3912
518077 -3488
518804 -3820
