214
82 -316
96 256
98 -284
100 340
146 -316
182 -320
185 292
223 272
253 260
262 300
290 -288
326 -352
416 -328
445 256
452 -376
502 260
546 272
592 -256
617 284
628 292
637 -264
651 -328
674 332
756 -264
779 268
786 -344
804 264
813 -324
884 -260
914 -268
928 256
982 252
987 -276
1005 452
1065 -252
1113 -264
1138 -248
1177 336
1188 -272
1275 256
1424 -284
1476 -276
1492 252
1529 268
1568 288
1600 276
1664 308
1821 -408
1924 272
1951 -344
1967 -328
2080 -252
2112 -248
2123 -264
2153 260
2208 280
2290 280
2315 268
2372 284
2402 300
2404 -268
2486 280
2500 280
2544 -292
2560 -324
2598 -276
2621 -324
2704 248
2715 -272
2731 248
2790 324
2793 -312
2800 -276
2863 248
2896 336
3030 -300
3085 304
3103 -252
3179 268
3241 -248
3247 -264
3252 -248
3359 316
3611 272
3613 320
3721 392
3780 284
3782 -280
3833 -436
3876 -356
3917 -260
3936 -380
3967 -384
3972 312
4000 -348
4016 284
4031 -264
4041 332
4138 260
4147 -264
4167 -288
4236 296
4309 -264
4328 288
4343 -284
4364 276
4465 288
4487 -288
4538 320
4615 252
4632 -248
4641 252
4764 272
4769 288
4808 -296
4919 332
4942 284
4956 312
5016 -276
5041 -280
5052 256
5057 -292
5143 424
5160 -276
5196 276
5228 -308
5349 276
5386 248
5459 -304
5470 -248
5603 252
5630 -260
5697 252
5699 336
5704 248
5761 252
5850 -272
5852 248
5868 496
5884 -384
5943 -280
5969 252
5996 -252
6014 -408
6039 -268
6055 252
6062 288
6065 380
6094 252
6097 -304
6131 428
6145 276
6170 284
6257 -280
6266 -344
6353 284
6403 -280
6405 280
6455 348
6545 312
6552 -260
6590 260
6595 272
6636 388
6743 -248
6753 -352
6771 -308
6787 300
6865 -252
6881 -284
6887 -324
6933 -368
7004 -264
7016 -364
7086 -268
7089 -272
7107 -280
7134 -280
7148 -276
7155 -248
7255 -348
7287 -252
7294 -256
7365 316
7370 248
7384 268
7404 272
7432 -252
7447 -336
7452 328
7454 284
7463 -296
7486 -260
7525 280
7530 292
7591 -292
7598 304
7651 268
7656 -308
7733 316
7756 -276
7800 -256
7802 276
7806 368
7822 -400
7834 -356
7895 -296
7962 -392
7996 312
8017 252
8055 -260
8110 280
8152 284
8163 260
