204
351 -1828
2296 -1492
3974 -1632
4017 -1572
4572 -1692
4874 -1604
5404 1568
5984 1600
6591 1496
7381 -1548
7936 1564
8141 1552
8349 1484
10871 -1716
10894 -1540
11071 -1628
11128 1544
11865 1748
12931 1644
13494 1584
14191 -1684
14362 -1612
15415 -1548
18389 1980
18911 1528
19519 1724
19610 -1560
19914 -1584
20062 -1696
21074 -1612
22261 1620
22839 -2072
23696 1856
23994 -1584
24055 1484
24080 1548
25027 1768
25307 1676
25470 -1624
25545 -1532
27609 -1600
28976 -1536
29901 1648
30619 1696
31128 1564
31991 1908
33416 -1544
33772 1620
34274 -1584
34444 1736
34635 1548
36088 1556
37421 -1628
37484 1636
38369 1784
38708 -1848
40121 -1572
40455 1492
41470 -1984
42329 1744
42924 -1520
43495 1500
43513 1648
43865 -1732
44057 1556
44068 -1816
44637 -1620
45162 1516
46622 2200
47612 -1628
48828 -1500
50814 -1576
51379 -1544
51507 1536
51690 1536
52047 1512
52390 1488
52438 -1512
52601 -1540
52785 1560
52853 1484
54229 1508
54353 -1632
54416 1496
54601 -1528
55184 -1484
56656 -1628
56746 1484
57049 -1744
57746 -1580
58025 1776
58675 1520
60179 1508
60448 -1556
61018 1584
61472 1724
62391 1836
62694 -1492
63587 1880
65530 1784
65595 1816
65681 -1648
65754 1512
67514 -1664
67588 1744
67888 1508
68736 1536
68991 1604
69241 -1580
70182 1680
70322 -1500
70512 1500
70948 1640
71984 -1596
72459 -1584
74189 1756
74433 1628
74654 1888
75092 -1552
75875 1604
77612 -1576
79125 1496
80525 1620
81387 -1528
81566 -1664
82880 1508
83059 1492
83252 -1560
84157 -1584
84688 1496
85233 1584
85726 -1504
86413 -1700
86969 1612
87396 1512
87948 1708
88432 2004
88593 -1552
89699 1588
91270 -1592
92109 1516
92219 1492
92385 1556
92977 1784
93131 -1560
96574 -1512
97331 -1544
97672 1552
98661 1536
99423 1900
100029 -1632
100566 1716
100583 -1508
101719 -1712
103442 1648
103780 -1500
104162 -2012
104244 -1824
105293 1688
105696 -1644
107006 -1496
107579 -1864
108627 1824
108909 -1620
110144 1520
110613 1632
110734 -1504
111865 -1632
112660 -1620
113232 1524
114129 -1636
114202 1640
114318 2236
114634 -1920
115456 -1688
115531 -1696
115972 -1732
116559 -1536
117059 1536
118509 -1924
119841 -1576
121345 1724
121978 -1884
122936 1500
123180 -2048
123820 1524
123854 -1620
123967 -1516
124106 -1600
124450 -1596
124618 1652
124899 1668
125200 -1520
125244 1644
126297 -1548
126496 -1568
127235 1892
127761 1656
128156 -1516
128430 -1516
129409 1696
129717 1504
130001 -1700
130169 -1596
